rid	C16_Down_LUT_Down	C16_Down_LUT_NA	C16_NA_LUT_Down	C16_NA_LUT_Up	C16_Up_LUT_NA	C16_Up_LUT_Up	PeakID
	0	0	0	1	1	0	0
AACS	0	0	0	1	0	0	0
ABCA1	0	0	0	1	1	0	0
ABCA9	0	0	0	1	0	0	0
ABCB4	0	0	0	1	0	0	0
ABCB5	0	0	0	1	0	0	0
ABCC11	0	0	0	1	0	0	0
ABCC2	0	0	0	0	1	0	0
ABCG2	0	0	0	1	0	0	0
ABHD10	0	0	0	1	0	0	0
ABHD2	0	0	0	1	0	0	0
ABLIM1	0	0	0	0	1	0	0
ACE2	0	0	0	1	0	0	0
ACER3	0	0	0	1	0	0	0
ACKR3	0	0	0	1	0	0	0
ACO2	0	0	0	1	0	0	0
ACP6	0	0	0	0	0	1	0
ACSS3	0	0	0	0	1	0	0
ACTL7B	0	0	0	1	0	0	0
ACTR3B	0	0	0	1	0	0	0
ACTR3C	0	0	0	0	0	1	0
ACVR1C	0	0	0	0	0	1	0
ACVR2A	0	0	0	1	0	1	0
ADAM12	0	0	0	1	0	0	0
ADAM19	0	0	0	0	1	0	0
ADAM28	0	0	0	0	0	1	0
ADAM29	0	0	0	1	0	0	0
ADAMTS12	0	0	0	0	0	1	0
ADAMTS20	0	0	0	1	1	0	0
ADAMTS3	0	0	0	1	0	1	0
ADAMTS5	0	0	0	0	0	1	0
ADAMTS6	0	0	0	1	0	0	0
ADAMTS9-AS1	0	0	0	0	1	0	0
ADAMTSL1	0	0	0	1	0	0	0
ADARB2-AS1	0	0	1	0	0	0	0
ADCY2	0	0	0	1	0	0	0
ADCY8	0	0	0	1	0	0	0
ADGRL3	0	0	0	1	1	1	0
ADGRL3-AS1	0	0	0	1	0	0	0
ADGRL4	0	0	0	0	1	0	0
ADH7	0	0	0	1	0	0	0
ADRA2B	0	0	0	1	0	0	0
AFF2	0	0	0	1	0	0	0
AFG2A	0	0	0	0	0	1	0
AFM	0	0	0	0	0	1	0
AGA	0	0	0	0	0	1	0
AGBL2	0	0	0	1	0	0	0
AGMO	0	0	0	1	0	0	0
AGPAT3	0	0	0	1	0	0	0
AGR3	0	0	0	1	0	0	0
AGTPBP1	0	0	0	1	0	0	0
AIPL1	0	0	0	1	0	0	0
AK5	0	0	0	1	0	0	0
AKAP12	0	0	0	1	0	0	0
AKAP9	0	0	0	0	0	1	0
AKR1B15	0	0	0	1	0	0	0
ALCAM	0	0	0	1	0	0	0
ALDH1A1	0	0	0	0	1	0	0
ALG10B	0	0	0	1	0	0	0
ALG14	0	0	0	1	0	0	0
ALMS1-IT1	0	0	0	0	1	0	0
ALPK1	0	0	0	1	0	0	0
ALPK2	0	0	0	1	0	0	0
AMELX	0	0	0	0	0	1	0
ANGPT1	0	0	1	1	1	0	0
ANK2	0	0	0	1	0	0	0
ANKFN1	0	0	0	1	1	0	0
ANKRD33B	0	0	0	0	1	0	0
ANKRD44-AS1	0	0	0	1	0	0	0
ANKRD61	0	0	1	0	0	0	0
ANO10	0	0	0	1	0	0	0
ANO6	0	0	0	1	0	0	0
ANP32CP	0	0	0	1	0	0	0
ANXA1	0	0	0	0	1	0	0
ANXA3	0	0	0	0	1	0	0
ANXA5	0	0	0	0	1	0	0
AOAH	0	0	0	0	0	1	0
AOAH-IT1	0	0	0	0	1	0	0
AP2A2	0	0	0	1	0	0	0
APBB2	0	0	0	1	0	0	0
APH1B	0	0	0	1	0	0	0
APOOP5	0	0	0	0	0	1	0
APP	0	0	0	1	0	0	0
ARAP3	0	0	0	1	0	0	0
ARB2A	0	0	0	0	1	0	0
ARHGAP22	0	0	0	1	0	0	0
ARHGAP24	0	0	0	1	0	0	0
ARHGAP26-IT1	0	0	0	0	1	0	0
ARHGAP28-AS1	0	0	0	0	1	0	0
ARHGAP31-AS1	0	0	0	0	0	1	0
ARHGAP6	0	0	0	1	0	0	0
ARHGEF26	0	0	0	0	1	0	0
ARHGEF3-AS1	0	0	0	0	1	0	0
ARHGEF6	0	0	0	1	0	0	0
ARL14	0	0	0	1	0	1	0
ARL4A	0	0	0	1	0	0	0
ARL5B	0	0	0	0	1	0	0
ARRDC3	0	0	0	0	1	0	0
ARSB	0	0	0	1	0	0	0
ARX	0	0	0	0	1	1	0
ASAP1	0	0	0	1	0	0	0
ASAP2	0	0	0	0	1	0	0
ASCC1	0	0	0	1	0	0	0
ASMER1	0	0	0	0	1	0	0
ASPN	0	0	0	0	0	1	0
ASTN2	0	0	0	0	1	0	0
ASXL2	0	0	0	0	1	0	0
ATF7IP	0	0	0	1	0	0	0
ATG10	0	0	0	0	0	1	0
ATOH1	0	0	0	1	0	0	0
ATP1B3	0	0	0	0	1	0	0
ATP5MC3	0	0	0	1	0	0	0
ATP6AP2	0	0	0	1	0	0	0
ATP6V0A4	0	0	0	1	0	0	0
ATP6V1G3	0	0	0	1	1	0	0
ATP8B1	0	0	0	1	0	0	0
ATRN	0	0	0	1	0	0	0
ATXN1	0	0	0	1	1	0	0
AUTS2	0	0	0	1	0	0	0
AVPR1A	0	0	0	1	0	0	0
B3GAT2	0	0	0	0	0	1	0
B3GNT5	0	0	0	0	1	0	0
B3GNTL1	0	0	0	1	0	0	0
BACH2	0	0	0	0	0	1	0
BALR6	0	0	0	0	1	0	0
BANCR	0	0	0	0	1	0	0
BANF2	0	0	0	1	0	0	0
BANK1	0	0	0	1	0	1	0
BBOX1-AS1	0	0	0	0	1	0	0
BBS5	0	0	0	1	0	0	0
BCAR3	0	0	1	1	0	0	0
BCHE	0	0	0	1	1	1	0
BCKDHB	0	0	0	1	0	0	0
BCL10	0	0	0	0	1	0	0
BCL2L13	0	0	1	0	0	0	0
BCL2L14	0	0	0	1	0	0	0
BCYRN1	0	0	0	1	0	0	0
BDNF	0	0	0	0	1	0	0
BEND5	0	0	0	0	1	0	0
BLTP1	0	0	0	1	0	0	0
BMAL1	0	0	0	0	1	0	0
BMP3	0	0	0	1	0	0	0
BMP7-AS1	0	0	0	1	0	0	0
BMPER	0	0	0	1	1	0	0
BMPR1B	0	0	0	1	1	0	0
BNC2-AS1	0	0	0	1	0	0	0
BOC	0	0	0	1	0	0	0
BORCS5	0	0	0	1	0	0	0
BPNT2	0	0	0	1	0	0	0
BRD4	0	0	0	1	0	0	0
BRDTP1	0	0	0	0	0	1	0
BRINP3	0	0	0	1	1	1	0
BRIP1	0	0	0	1	0	0	0
BTBD9-AS1	0	0	0	0	1	0	0
C11orf91	0	0	0	1	0	0	0
C12orf50	0	0	0	1	0	0	0
C12orf75	0	0	0	1	0	0	0
C16orf96	0	0	1	0	0	0	0
C1D	0	0	0	1	0	0	0
C1GALT1	0	0	0	0	1	0	0
C1GALT1C1	0	0	0	1	0	0	0
C1QTNF3	0	0	0	1	0	0	0
C1orf105	0	0	0	0	1	0	0
C1orf220	0	0	0	1	0	0	0
C2CD5	0	0	0	0	1	0	0
C5orf63	0	0	0	0	1	0	0
C5orf67	0	0	0	1	0	0	0
C8orf88	0	0	0	1	1	1	0
C9orf152	0	0	0	1	0	0	0
C9orf72	0	0	0	0	1	0	0
CABLES1	0	0	0	1	0	0	0
CACHD1	0	0	0	1	0	0	0
CACNA1C-IT3	0	0	0	0	1	0	0
CACNA1I	0	0	0	0	1	0	0
CACNA2D1	0	0	0	1	0	0	0
CACNA2D1-AS1	0	0	0	1	0	0	0
CADM2	0	0	0	1	0	0	0
CADM2-AS2	0	0	0	1	0	0	0
CALCRL	0	0	0	1	0	0	0
CALD1	0	0	0	1	1	0	0
CALN1	0	0	0	0	0	1	0
CAMK2D	0	0	0	0	1	0	0
CAP2	0	0	0	1	0	0	0
CAPN8	0	0	0	1	0	0	0
CAPS2	0	0	0	0	1	0	0
CAPZA3	0	0	0	0	1	0	0
CASC15	0	0	0	0	0	1	0
CASC17	0	0	0	0	0	1	0
CASC18	0	0	0	0	0	1	0
CASC21	0	0	0	0	1	0	0
CASC6	0	0	0	1	1	0	0
CASK	0	0	0	0	0	1	0
CASP6	0	0	0	1	0	0	0
CBLB	0	0	0	1	0	0	0
CBLL2	0	0	0	0	1	0	0
CBX2	0	0	0	1	0	0	0
CBY2	0	0	0	1	0	0	0
CC2D1B	0	0	0	1	0	0	0
CCAT2	0	0	0	0	1	0	0
CCBE1	0	0	0	1	0	0	0
CCDC140	0	0	0	1	0	0	0
CCDC148-AS1	0	0	0	0	1	0	0
CCDC150	0	0	0	0	1	0	0
CCDC175	0	0	0	1	0	0	0
CCDC178	0	0	0	1	0	0	0
CCDC192	0	0	0	1	0	0	0
CCDC196	0	0	0	0	1	0	0
CCDC26	0	0	0	0	1	0	0
CCDC59	0	0	0	1	0	0	0
CCDC70	0	0	0	1	0	0	0
CCDC71L	0	0	0	1	0	0	0
CCKAR	0	0	0	1	1	0	0
CCL20	0	0	0	0	1	0	0
CCN3	0	0	0	0	1	0	0
CCNG1	0	0	0	1	0	0	0
CCNL1	0	0	0	0	1	0	0
CCSER1	0	0	0	0	1	0	0
CD163	0	0	0	0	1	0	0
CD180	0	0	0	1	1	0	0
CD200R1L	0	0	0	0	1	0	0
CD226	0	0	0	0	0	1	0
CD2AP	0	0	0	1	0	0	0
CD44-DT	0	0	0	0	1	0	0
CD83	0	0	0	1	0	0	0
CD96	0	0	0	1	0	1	0
CDC42EP3	0	0	0	1	0	0	0
CDCA2	0	0	0	1	0	0	0
CDCA7L	0	0	0	1	0	0	0
CDH11	0	0	0	0	1	0	0
CDH12	0	0	0	1	0	0	0
CDH17	0	0	0	1	0	0	0
CDH18	0	0	0	0	1	0	0
CDH18-AS1	0	0	0	1	1	0	0
CDH2	0	0	0	1	0	0	0
CDH20	0	0	0	1	0	0	0
CDH5	0	0	0	0	0	1	0
CDH6	0	0	0	0	1	0	0
CDH7	0	0	0	1	0	0	0
CDH8	0	0	0	1	1	0	0
CDH9	0	0	0	1	0	0	0
CDK5RAP2	0	0	0	0	1	0	0
CDKAL1	0	0	0	1	0	0	0
CDKN2B	0	0	0	0	1	0	0
CDX4	0	0	0	1	0	0	0
CDYL	0	0	0	1	0	0	0
CELF2	0	0	0	1	0	1	0
CELF4	0	0	0	0	1	0	0
CEMIP	0	0	0	1	0	0	0
CEP112	0	0	0	0	1	0	0
CEP120	0	0	0	1	0	0	0
CEP43	0	0	0	1	0	0	0
CEP63	0	1	0	0	0	0	0
CETN3	0	0	0	0	0	1	0
CETP	0	0	0	1	0	0	0
CFAP20DC	0	0	0	0	1	0	0
CFAP299	0	0	0	1	0	0	0
CFAP90	0	0	0	1	0	0	0
CFDP1	0	0	0	1	0	0	0
CFTR-AS1	0	0	0	0	1	0	0
CHRM3	0	0	0	0	1	1	0
CHST9	0	0	0	1	0	0	0
CHSY3	0	0	0	1	0	0	0
CILK1	0	0	0	0	1	0	0
CLDN24	0	0	0	0	1	0	0
CLEC16A	0	0	0	1	0	0	0
CLGN	0	0	0	1	0	0	0
CLIC5	0	0	0	1	0	0	0
CLK1	0	0	0	0	1	0	0
CLNK	0	0	0	1	0	0	0
CLSTN2-AS1	0	0	0	1	0	0	0
CLTC	0	0	0	0	1	0	0
CLVS2	0	0	0	1	0	0	0
CLYBL-AS1	0	0	0	1	0	0	0
CMC2	0	0	0	1	0	0	0
CMSS1	0	0	0	1	0	0	0
CNBD1	0	0	0	1	1	0	0
CNGB3	0	0	0	1	0	0	0
CNKSR2	0	0	0	0	1	0	0
CNTN1	0	0	0	1	1	1	0
CNTN3	0	0	0	0	1	0	0
CNTN4	0	0	0	1	0	0	0
CNTN5	0	0	0	1	1	0	0
CNTNAP2	0	0	0	0	0	1	0
COG7	0	0	0	1	0	0	0
COL11A1	0	0	0	1	0	0	0
COL17A1	0	0	0	1	0	0	0
COL25A1	0	0	0	1	1	0	0
COL26A1	0	0	0	0	1	0	0
COL28A1	0	0	0	1	0	0	0
COL6A3	0	0	0	0	1	0	0
COL6A5	0	0	0	0	1	0	0
COL8A1	0	0	0	0	1	0	0
COL9A1	0	0	0	1	0	0	0
COLEC10	0	0	0	0	1	0	0
COMMD9	0	0	0	1	0	0	0
COQ2	0	0	0	1	0	1	0
COX6C	0	0	0	1	0	0	0
COX7B2	0	0	0	0	0	1	0
CPA6	0	0	0	1	1	0	0
CPEB2	0	0	0	1	0	0	0
CPED1	0	0	0	0	1	0	0
CPQ	0	0	0	1	0	1	0
CPS1-IT1	0	0	0	1	0	0	0
CPXM2	0	0	0	0	0	1	0
CRACDL	0	0	0	0	1	0	0
CRACR2A	0	0	0	1	0	0	0
CREB5	0	0	0	0	1	0	0
CRLF2	0	1	0	0	0	0	0
CRPPA-AS1	0	0	0	0	1	0	0
CRTC3	0	0	0	0	0	1	0
CSMD1	0	0	0	1	0	0	0
CSMD3	0	0	0	1	0	0	0
CSNK1A1L	0	0	0	0	1	0	0
CSNK1G1	0	0	0	1	0	0	0
CSNK2A3	0	0	0	1	0	0	0
CSRNP3	0	0	0	1	0	0	0
CSRP3	0	0	0	1	0	0	0
CTBP2	0	0	0	1	0	0	0
CTDP1	0	0	1	0	0	0	0
CTHRC1	0	0	0	0	1	0	0
CTLA4	0	0	0	1	0	0	0
CTNNA2	0	0	0	0	1	0	0
CTNNA3	0	0	0	0	1	0	0
CTNND2	0	0	0	1	0	0	0
CTSC	0	0	0	1	0	0	0
CTSG	0	0	0	0	1	0	0
CTSO	0	0	0	1	0	1	0
CUBN	0	0	0	1	0	0	0
CWC22	0	0	0	0	1	0	0
CWF19L2	0	0	0	1	0	0	0
CXCL13	0	0	0	0	0	1	0
CXCR4	0	0	0	1	1	0	0
CYB5R2	0	0	0	0	1	0	0
CYP26C1	0	0	0	1	0	0	0
CYTL1	0	0	0	0	0	1	0
DAAM1	0	0	0	0	0	1	0
DACH1	0	0	0	1	1	0	0
DACH2	0	0	0	0	1	0	0
DACT1	0	0	0	1	1	0	0
DACT2	0	0	0	1	0	0	0
DAOA	0	0	0	1	0	1	0
DAP	0	0	0	1	0	0	0
DAPK1-IT1	0	0	0	0	1	0	0
DAW1	0	0	0	0	0	1	0
DCAF4L2	0	0	0	1	0	0	0
DCC	0	0	0	1	0	0	0
DCDC1	0	0	0	1	0	0	0
DCDC2C	0	0	0	0	0	1	0
DCLK2	0	0	0	1	0	0	0
DCUN1D4	0	0	1	0	0	0	0
DDHD1-DT	0	0	0	1	1	0	0
DDX10	0	0	0	0	1	0	0
DDX18	0	0	0	0	1	0	0
DDX53	0	0	0	0	1	0	0
DDX60L	0	0	0	0	1	0	0
DEFB115	0	0	0	1	0	1	0
DELEC1	0	0	0	1	1	0	0
DEPTOR	0	0	0	0	0	1	0
DERL1	0	0	0	0	1	0	0
DGAT2L6	0	0	0	1	0	0	0
DGKG	0	0	0	1	0	0	0
DHX34	0	0	0	0	1	0	0
DIAPH2-AS1	0	0	0	1	0	0	0
DIAPH3-AS1	0	0	0	1	0	1	0
DICER1	0	0	0	1	0	0	0
DIO2-AS1	0	0	0	0	0	1	0
DIPK2A	0	0	0	1	0	0	0
DIRAS2	0	0	0	0	1	0	0
DIRC3-AS1	0	0	0	1	0	0	0
DISC1-IT1	0	0	0	1	1	0	0
DLC1	0	0	0	0	1	0	0
DLEU1-AS1	0	0	0	1	0	0	0
DLG5-AS1	0	0	0	1	0	0	0
DLGAP1-AS2	0	0	0	1	0	0	0
DLK1	0	0	0	1	0	0	0
DMAC1	0	0	0	1	0	0	0
DMRTA1	0	0	0	1	1	0	0
DMRTA2	0	0	0	1	0	0	0
DMXL2	0	0	0	1	0	0	0
DNAH12	0	0	0	0	1	0	0
DNAH14	0	0	0	1	0	0	0
DNAH5	0	0	0	1	0	0	0
DNAH9	0	0	0	1	1	0	0
DNAJC1	0	0	0	0	1	0	0
DNAJC12	0	0	0	0	0	1	0
DNAJC5B	0	0	0	0	1	0	0
DNER	0	0	0	0	0	1	0
DNM3-IT1	0	0	0	1	0	0	0
DNM3OS	0	0	0	1	0	0	0
DOCK10	0	0	0	0	1	0	0
DOK6	0	0	0	0	1	0	0
DPP10	0	0	0	1	0	0	0
DPP4	0	0	0	1	0	0	0
DPP4-DT	0	0	0	0	1	0	0
DPP6	0	0	0	0	1	0	0
DROSHA	0	0	0	0	1	0	0
DSC3	0	0	0	0	1	0	0
DSCAM	0	0	0	0	0	1	0
DSCAM-AS1	0	0	0	1	0	1	0
DSG2	0	0	0	1	0	0	0
DTD1	0	0	0	1	0	0	0
DTNA	0	0	0	1	0	0	0
DTX1	0	0	0	1	0	0	0
DUBR	0	0	0	1	0	0	0
DUSP14	0	0	0	1	1	0	0
DUSP26	0	0	0	0	1	0	0
DUXAP9	0	0	0	1	0	0	0
DYDC2	0	0	0	1	0	0	0
EBF2	0	0	0	1	0	0	0
EBLN2	0	0	0	1	0	0	0
ECT2	0	0	0	0	1	0	0
EDDM13	0	0	0	0	0	1	0
EDIL3	0	0	0	0	0	1	0
EDNRA	0	0	0	1	0	0	0
EDNRB-AS1	0	0	0	1	0	0	0
EFCAB5	0	0	0	1	0	0	0
EFEMP1	0	0	0	0	0	1	0
EFHD2	0	0	0	1	0	0	0
EFNA5	0	0	0	1	0	1	0
EFR3A	0	0	0	0	0	1	0
EFR3B	0	0	0	0	0	1	0
EGFR	0	0	0	1	0	0	0
EHD3	0	0	0	0	1	0	0
EHF	0	0	0	1	0	0	0
EIF2S3	0	0	0	1	0	0	0
EIF3IP1	0	0	0	1	0	1	0
ELK2AP	0	0	1	0	0	0	0
ELMO1	0	0	0	1	0	0	0
ELOVL2-AS1	0	0	0	1	0	0	0
EMC2	0	0	0	0	0	1	0
EML6	0	0	0	0	1	0	0
ENOX1-AS2	0	0	0	1	0	0	0
ENSA	0	0	0	1	0	0	0
ENTHD1	0	0	0	1	0	0	0
ENTREP1	0	0	0	0	1	0	0
EOMES	0	0	0	1	0	0	0
EPAS1	0	0	0	1	0	0	0
EPB41	0	0	0	1	0	0	0
EPB41L4A-AS1	0	0	0	0	0	1	0
EPC2	0	0	0	1	0	0	0
EPGN	0	0	0	0	1	0	0
EPHA3	0	0	0	1	1	1	0
EPHA4	0	0	0	1	1	1	0
EPHA5	0	0	0	0	1	0	0
EPHA6	0	0	0	0	1	0	0
EPHA7	0	0	0	1	0	0	0
EPHB1	0	0	0	1	0	0	0
EPS8	0	0	0	1	0	1	0
EPS8L1	0	0	1	0	0	0	0
EPYC	0	0	0	0	0	1	0
ERC2	0	0	0	1	0	0	0
ERCC6L2	0	0	0	0	0	1	0
ERG	0	0	0	1	0	0	0
ERICH6B	0	0	0	1	0	0	0
ERVFRD-1	0	0	0	1	0	0	0
ESR1	0	0	0	1	0	0	0
ESRRG	0	0	0	1	0	0	0
ETNPPL	0	0	0	1	0	0	0
ETS1	0	0	0	0	1	0	0
ETV1	0	0	0	1	0	0	0
ETV5	0	0	0	1	0	0	0
EXOC6B	0	0	0	1	0	0	0
EXOSC2	0	0	0	0	1	0	0
EYA1	0	0	0	1	0	0	0
FABP12	0	0	0	0	1	0	0
FABP7	0	0	0	0	0	1	0
FAF1	0	0	0	1	0	0	0
FAM133CP	0	0	0	1	0	0	0
FAM135B	0	0	0	0	1	0	0
FAM171A1	0	0	0	0	1	0	0
FAM242B	0	0	0	1	0	0	0
FAM27C	0	0	0	0	1	0	0
FAM27E5	0	0	0	1	0	0	0
FAM76B	0	0	0	0	1	0	0
FAM83B	0	0	0	1	0	0	0
FAM87A	0	0	0	0	1	0	0
FAM88E	0	0	0	1	0	0	0
FANCB	0	0	0	0	0	1	0
FAR2	0	0	0	0	1	0	0
FARS2-AS1	0	0	0	1	0	0	0
FASN	0	1	0	0	0	0	0
FAT1	0	0	0	1	0	0	0
FAT4	0	0	0	0	0	1	0
FBH1	0	0	1	0	0	0	0
FBLN5	0	0	0	1	0	0	0
FBN2	0	0	0	1	0	1	0
FBXO15	0	0	0	1	0	0	0
FBXO33	0	0	0	1	0	0	0
FBXO8	0	0	0	1	0	0	0
FBXW4	0	0	0	1	0	0	0
FBXW7	0	0	0	0	1	0	0
FEM1C	0	0	0	0	1	0	0
FER1L6	0	0	1	0	0	0	0
FER1L6-AS2	0	0	0	1	0	0	0
FERD3L	0	0	0	0	1	1	0
FEZF1	0	0	0	1	0	0	0
FGD3	0	0	0	0	0	1	0
FGD5-AS1	0	0	0	1	0	0	0
FGF10-AS1	0	0	0	0	1	1	0
FGF12-AS1	0	0	0	0	1	1	0
FGF14	0	0	0	0	0	1	0
FGF18	0	0	0	1	0	0	0
FGF20	0	0	0	0	0	1	0
FGF5	0	0	0	0	0	1	0
FGFBP1	0	0	0	1	0	0	0
FGFR2	0	0	0	1	0	1	0
FGL2	0	0	0	1	0	0	0
FHDC1	0	0	0	0	1	0	0
FHIP1A	0	0	0	1	0	1	0
FIGN	0	0	0	1	0	1	0
FKBP9	0	0	0	1	0	0	0
FLJ46284	0	0	0	0	1	0	0
FLRT3	0	0	0	1	0	0	0
FMNL2	0	0	0	0	0	1	0
FNIP2	0	0	0	1	0	1	0
FOXG1-AS1	0	0	0	0	1	0	0
FOXK1	0	0	0	1	0	0	0
FOXN2	0	0	0	1	0	0	0
FREM1	0	0	0	1	0	0	0
FREM2	0	0	0	1	0	0	0
FRG1FP	0	0	0	0	1	0	0
FRG2EP	0	0	0	0	0	1	0
FRMD3	0	0	0	1	0	0	0
FRMPD3	0	0	0	0	1	0	0
FRMPD4	0	0	0	0	1	0	0
FSCB	0	0	0	1	0	0	0
FSIP1	0	0	0	1	0	0	0
FSIP2-AS2	0	0	0	0	1	0	0
FTMT	0	0	0	1	0	0	0
FUNDC2P2	0	0	0	0	1	0	0
FUT8	0	0	0	1	0	0	0
FUT9	0	0	0	0	0	1	0
FYN	0	0	0	1	0	0	0
FZD1	0	0	0	1	0	0	0
FZD6	0	0	0	0	0	1	0
GABBR2	0	0	0	1	0	0	0
GABRA2	0	0	0	1	0	0	0
GABRG2	0	0	0	1	0	0	0
GALNT15	0	0	0	0	0	1	0
GALNT17	0	0	0	1	0	0	0
GALNTL6-AS1	0	0	0	0	0	1	0
GAP43	0	0	0	0	0	1	0
GAREM1	0	0	0	0	0	1	0
GARIN6	0	0	0	0	1	0	0
GASK1B-AS1	0	0	0	0	1	0	0
GBA3	0	0	0	1	0	0	0
GBE1	0	0	0	1	0	0	0
GCNT1	0	0	0	0	1	1	0
GDE1	0	0	0	0	1	0	0
GDPD5	0	0	1	0	0	0	0
GEMIN8P4	0	0	0	1	0	0	0
GFI1	0	0	0	1	0	0	0
GHITM	0	0	0	0	1	1	0
GIMD1	0	0	0	1	0	0	0
GJA1	0	0	0	1	1	0	0
GJA10	0	0	0	0	1	0	0
GJA5	0	0	0	0	1	0	0
GJE1	0	0	0	0	1	0	0
GK	0	0	0	1	0	0	0
GLCCI1	0	0	0	1	0	0	0
GLDC	0	0	0	0	1	0	0
GLI3	0	0	0	1	0	0	0
GLIS3-AS1	0	0	0	0	0	1	0
GLRA3	0	0	0	1	0	0	0
GLRB	0	0	0	1	0	0	0
GMDS	0	0	0	0	1	1	0
GNA14-AS1	0	0	0	0	1	0	0
GNAI1	0	0	0	1	0	0	0
GNG2	0	0	0	0	1	0	0
GNPDA2	0	0	0	0	1	0	0
GOLGA7B-DT	0	0	0	1	0	0	0
GOLGA8CP	0	0	0	1	0	0	0
GOLGA8EP	0	0	0	1	0	0	0
GPAT3	0	0	0	1	1	0	0
GPBP1	0	0	0	1	0	0	0
GPC4	0	0	0	1	0	0	0
GPC5	0	0	0	1	0	0	0
GPHN	0	0	0	1	0	0	0
GPM6A	0	0	0	1	0	0	0
GPR149	0	0	0	0	1	0	0
GPR176	0	0	0	1	0	0	0
GPR34	0	0	0	1	0	0	0
GPR37	0	0	0	1	0	0	0
GPR83	0	0	0	0	0	1	0
GPR88	0	0	0	1	0	0	0
GPRC5B	0	0	0	1	0	0	0
GPRIN3	0	0	0	0	1	0	0
GPX7	0	0	0	1	0	0	0
GRAMD2A	0	0	0	1	0	0	0
GRB14	0	0	0	1	0	0	0
GREB1L	0	0	0	0	1	0	0
GRHL3	0	0	0	0	1	0	0
GRIA1	0	0	0	1	0	0	0
GRID2	0	0	0	0	1	0	0
GRIK1	0	0	0	1	0	0	0
GRIK2	0	0	0	1	0	0	0
GRIP1	0	0	0	0	1	0	0
GRM1	0	0	0	1	0	0	0
GRM3	0	0	0	0	1	0	0
GRM5-AS1	0	0	0	1	0	0	0
GRM7-AS1	0	0	0	0	1	0	0
GRM7-AS3	0	0	0	0	1	0	0
GRPR	0	0	0	1	0	0	0
GRXCR1	0	0	0	0	1	0	0
GSK3B	0	0	0	1	0	0	0
GSR	0	0	0	0	1	0	0
GTF3A	0	0	0	1	0	0	0
GUSBP1	0	0	0	0	1	0	0
GUSBP19	0	0	0	0	1	1	0
GUSBP4	0	0	1	0	0	0	0
GZMA	0	0	0	0	1	0	0
GZMK	0	0	0	1	0	0	0
Gene_Name	0	0	0	0	0	0	1
H2AZ1-DT	0	0	0	1	0	0	0
H2BC12L	0	0	0	0	1	0	0
H3Y1	0	0	0	0	1	0	0
HACE1	0	0	0	1	0	0	0
HAS2	0	0	0	1	0	0	0
HBP1	0	0	0	1	0	0	0
HCG27	0	0	0	1	0	0	0
HDAC9	0	0	0	1	1	0	0
HECW2	0	0	0	1	0	0	0
HERC2P9	0	0	0	0	0	1	0
HEXB	0	0	0	1	0	0	0
HHLA2	0	0	0	0	1	0	0
HINT1	0	0	0	1	1	0	0
HIVEP3	0	0	0	1	1	0	0
HMBOX1	0	0	0	1	0	0	0
HNF1B	0	0	0	1	0	0	0
HNF4G	0	0	0	0	0	1	0
HOPX	0	0	0	0	1	0	0
HPGD	0	0	0	0	1	0	0
HS3ST1	0	0	0	1	0	0	0
HSF2	0	0	0	1	1	0	0
HSP90AB4P	0	0	0	1	0	0	0
HSPA4	0	0	0	1	0	0	0
HTR1A	0	0	0	1	1	0	0
HTR2A	0	0	0	0	1	0	0
HUWE1	0	0	0	1	0	0	0
HYDIN2	0	0	0	1	0	0	0
ICE1	0	0	0	1	1	0	0
IDO2	0	0	0	0	1	0	0
IFI27	0	0	0	1	0	0	0
IFIT2	0	0	0	0	1	0	0
IFNAR1	0	0	0	0	1	0	0
IFNGR1	0	0	0	1	0	0	0
IFRD1	0	0	0	1	0	0	0
IGFBP3	0	0	0	0	1	0	0
IGFBP7-AS1	0	0	0	0	1	0	0
IGFL4	0	0	0	0	0	1	0
IGSF11-AS1	0	0	0	1	0	0	0
IL16	0	0	0	1	0	0	0
IL1RAPL1	0	0	0	1	0	0	0
IL1RAPL2	0	0	0	1	0	1	0
INO80C	0	0	0	0	1	0	0
INPP4B	0	0	0	1	1	0	0
INSM1	0	0	0	1	0	1	0
INTU	0	0	0	1	1	0	0
IPMK	0	0	0	0	1	0	0
IPO8	0	0	0	0	1	1	0
IQCJ-SCHIP1-AS1	0	0	0	1	0	0	0
IQCK	0	0	0	1	0	0	0
IQCM	0	0	0	1	1	0	0
IQGAP2	0	0	0	1	0	1	0
IRF2BP2	0	0	0	1	0	0	0
IRX1	0	0	0	0	1	1	0
ISL1	0	0	0	0	1	0	0
ITGA1	0	0	0	1	0	0	0
ITGA6	0	0	0	1	0	0	0
ITGAV	0	0	0	0	1	0	0
ITGB8-AS1	0	0	0	0	1	0	0
ITK	0	0	0	1	0	0	0
JAKMIP2-AS1	0	0	0	1	0	0	0
JARID2	0	0	0	1	0	0	0
JAZF1-AS1	0	0	0	1	0	0	0
JCAD	0	0	0	1	0	0	0
JMJD1C	0	0	0	1	1	1	0
KANK1	0	0	0	1	0	0	0
KATNBL1P6	0	0	0	0	1	0	0
KATNIP	0	0	0	1	0	0	0
KAZN	0	0	0	0	0	1	0
KCNA4	0	0	0	1	0	0	0
KCNC2	0	0	0	1	0	0	0
KCNE2	0	0	0	1	0	0	0
KCNG1	0	0	0	1	0	0	0
KCNH1-IT1	0	0	0	0	0	1	0
KCNH7	0	0	0	1	0	0	0
KCNIP4	0	0	0	1	0	0	0
KCNK12	0	0	0	1	0	0	0
KCNK9	0	0	0	0	0	1	0
KCNQ5	0	0	0	0	1	0	0
KCTD12	0	0	0	0	1	0	0
KCTD16	0	0	0	1	1	0	0
KDM4C	0	0	0	0	1	0	0
KDR	0	0	0	1	1	0	0
KIAA1217	0	0	0	0	1	0	0
KIF13B	0	0	0	1	0	0	0
KIF2B	0	0	0	1	0	0	0
KIF3B	0	0	0	1	0	0	0
KIF4B	0	0	0	1	0	0	0
KIF6	0	0	0	0	0	1	0
KITLG	0	0	0	1	0	0	0
KIZ-AS1	0	0	0	1	0	1	0
KLF12	0	0	0	0	0	1	0
KLF4	0	0	0	1	1	0	0
KLF5	0	0	0	0	1	0	0
KLHL22	0	0	0	1	0	0	0
KLHL34	0	0	0	1	0	0	0
KLHL38	0	0	0	1	0	0	0
KREMEN1	0	0	0	1	0	0	0
KRR1	0	0	0	1	0	0	0
KYNU	0	0	0	1	0	0	0
LAMB1	0	0	0	0	1	0	0
LARGE1	0	0	0	1	1	0	0
LARP1B	0	0	0	1	0	0	0
LCIIAR	0	0	1	0	0	0	0
LCN9	0	0	1	0	0	0	0
LCORL	0	0	0	1	1	0	0
LDB2	0	0	0	1	0	0	0
LDLRAD3	0	0	0	1	0	0	0
LDLRAD4	0	0	0	1	1	0	0
LGALS7B	0	0	0	0	1	0	0
LGI1	0	0	0	0	1	1	0
LGR4-AS1	0	0	0	1	0	0	0
LGR5	0	0	0	1	0	0	0
LGSN	0	0	0	1	0	0	0
LHCGR	0	0	0	0	0	1	0
LHFPL6	0	0	0	1	0	0	0
LIN7A	0	0	0	1	0	0	0
LINC-ROR	0	0	0	0	0	1	0
LINC00052	0	0	0	0	1	0	0
LINC00114	0	0	0	1	0	0	0
LINC00160	0	0	0	0	0	1	0
LINC00173	0	0	1	0	1	0	0
LINC00207	0	0	0	1	0	0	0
LINC00210	0	0	0	0	1	0	0
LINC00221	0	0	1	0	0	0	0
LINC00251	0	0	0	0	1	0	0
LINC00276	0	0	0	0	1	0	0
LINC00278	0	0	0	0	0	1	0
LINC00290	0	0	0	1	1	0	0
LINC00299	0	0	0	1	0	0	0
LINC00310	0	0	0	0	0	1	0
LINC00314	0	0	0	0	1	0	0
LINC00332	0	0	0	1	0	1	0
LINC00333	0	0	0	1	0	0	0
LINC00348	0	0	0	1	0	0	0
LINC00353	0	0	0	1	0	0	0
LINC00355	0	0	0	1	0	0	0
LINC00374	0	0	0	1	0	1	0
LINC00377	0	0	0	1	0	1	0
LINC00379	0	0	0	0	1	0	0
LINC00384	0	0	0	0	1	0	0
LINC00392	0	0	0	0	0	1	0
LINC00430	0	0	0	1	0	1	0
LINC00460	0	0	0	1	1	0	0
LINC00466	0	0	0	0	1	0	0
LINC00470	0	0	0	1	0	0	0
LINC00473	0	0	0	1	0	1	0
LINC00474	0	0	0	0	0	1	0
LINC00499	0	0	0	1	1	1	0
LINC00504	0	0	0	0	1	1	0
LINC00517	0	0	0	0	1	0	0
LINC00536	0	0	0	1	0	0	0
LINC00538	0	0	0	0	1	0	0
LINC00550	0	0	0	0	0	1	0
LINC00561	0	0	0	0	0	1	0
LINC00563	0	0	0	1	0	0	0
LINC00581	0	0	0	1	0	0	0
LINC00583	0	0	0	1	0	1	0
LINC00593	0	0	0	1	0	0	0
LINC00595	0	0	0	1	0	0	0
LINC00606	0	0	0	0	1	0	0
LINC00607	0	0	0	1	0	1	0
LINC00609	0	0	0	1	0	0	0
LINC00615	0	0	0	1	0	0	0
LINC00618	0	0	0	1	0	0	0
LINC00621	0	0	0	1	0	0	0
LINC00624	0	0	0	0	0	1	0
LINC00626	0	0	0	1	0	0	0
LINC00636	0	0	0	1	0	0	0
LINC00648	0	0	0	1	0	0	0
LINC00670	0	0	0	1	0	1	0
LINC00676	0	0	0	1	0	0	0
LINC00682	0	0	0	1	0	1	0
LINC00687	0	0	0	1	0	0	0
LINC00690	0	0	0	1	0	0	0
LINC00692	0	0	0	0	0	1	0
LINC00702	0	0	0	1	0	0	0
LINC00703	0	0	0	1	0	0	0
LINC00824	0	0	0	1	1	0	0
LINC00836	0	0	0	1	0	0	0
LINC00838	0	0	0	1	1	0	0
LINC00841	0	0	0	1	1	0	0
LINC00844	0	0	0	0	1	0	0
LINC00861	0	0	0	0	0	1	0
LINC00879	0	0	0	1	0	0	0
LINC00882	0	0	0	0	0	1	0
LINC00900	0	0	0	1	0	0	0
LINC00906	0	0	0	0	1	0	0
LINC00907	0	0	0	1	0	0	0
LINC00922	0	0	0	0	1	0	0
LINC00924	0	0	0	1	0	0	0
LINC00968	0	0	0	1	0	0	0
LINC00971	0	0	0	1	1	0	0
LINC00972	0	0	0	1	1	1	0
LINC00976	0	0	0	1	1	0	0
LINC00977	0	0	0	0	1	0	0
LINC00989	0	0	0	1	0	0	0
LINC00992	0	0	0	1	0	1	0
LINC00993	0	0	0	0	1	0	0
LINC01014	0	0	0	1	0	0	0
LINC01019	0	0	0	1	0	0	0
LINC01029	0	0	0	1	0	0	0
LINC01031	0	0	0	1	1	0	0
LINC01037	0	0	0	0	0	1	0
LINC01049	0	0	0	1	0	0	0
LINC01065	0	0	0	0	1	0	0
LINC01080	0	0	0	1	0	0	0
LINC01085	0	0	0	1	0	1	0
LINC01088	0	0	0	1	0	0	0
LINC01094	0	0	0	1	0	0	0
LINC01098	0	0	0	0	0	1	0
LINC01108	0	0	0	1	0	0	0
LINC01111	0	0	0	0	1	0	0
LINC01122	0	0	0	1	1	0	0
LINC01124	0	0	0	1	0	0	0
LINC01139	0	0	0	1	1	1	0
LINC01148	0	0	0	1	0	1	0
LINC01159	0	0	0	0	1	0	0
LINC01162	0	0	0	0	0	1	0
LINC01170	0	0	0	1	1	1	0
LINC01179	0	0	0	1	0	0	0
LINC01182	0	0	0	0	0	1	0
LINC01192	0	0	0	1	0	0	0
LINC01203	0	0	0	1	0	0	0
LINC01229	0	0	0	1	0	0	0
LINC01232	0	0	0	1	0	0	0
LINC01247	0	0	0	0	0	1	0
LINC01256	0	0	0	1	0	0	0
LINC01276	0	0	1	0	0	0	0
LINC01288	0	0	0	0	1	0	0
LINC01289	0	0	0	1	0	0	0
LINC01298	0	0	0	1	0	0	0
LINC01303	0	0	0	1	0	0	0
LINC01309	0	0	0	1	1	0	0
LINC01312	0	0	0	0	1	0	0
LINC01333	0	0	0	1	0	0	0
LINC01335	0	0	0	1	0	0	0
LINC01339	0	0	0	0	1	0	0
LINC01346	0	0	1	0	0	0	0
LINC01349	0	0	0	0	0	1	0
LINC01361	0	0	0	1	0	0	0
LINC01362	0	0	0	1	1	0	0
LINC01366	0	0	0	1	0	0	0
LINC01375	0	0	0	0	1	0	0
LINC01378	0	0	0	1	0	0	0
LINC01387	0	0	0	0	0	1	0
LINC01393	0	0	0	0	1	0	0
LINC01411	0	0	0	0	1	0	0
LINC01414	0	0	0	1	0	0	0
LINC01415	0	0	0	1	0	0	0
LINC01425	0	0	0	1	0	0	0
LINC01428	0	0	0	0	1	0	0
LINC01448	0	0	0	0	1	0	0
LINC01450	0	0	0	1	0	1	0
LINC01473	0	0	0	0	1	0	0
LINC01477	0	0	0	0	1	0	0
LINC01478	0	0	0	0	1	0	0
LINC01485	0	0	0	1	0	0	0
LINC01491	0	0	0	1	0	1	0
LINC01507	0	0	0	1	0	0	0
LINC01515	0	0	0	0	1	0	0
LINC01526	0	0	0	1	0	0	0
LINC01538	0	0	0	1	1	0	0
LINC01539	0	0	0	1	1	0	0
LINC01544	0	0	0	1	0	0	0
LINC01549	0	0	0	1	0	1	0
LINC01553	0	0	0	1	0	0	0
LINC01559	0	0	0	0	0	1	0
LINC01592	0	0	0	1	0	0	0
LINC01608	0	0	0	0	1	1	0
LINC01609	0	0	0	1	0	0	0
LINC01611	0	0	0	0	1	0	0
LINC01614	0	0	0	0	1	1	0
LINC01619	0	0	0	1	1	0	0
LINC01622	0	0	0	1	0	0	0
LINC01625	0	0	0	0	1	0	0
LINC01645	0	0	0	0	0	1	0
LINC01661	0	0	0	0	0	1	0
LINC01665	0	0	0	0	0	1	0
LINC01667	0	0	0	1	0	0	0
LINC01680	0	0	0	1	1	0	0
LINC01684	0	0	0	1	0	0	0
LINC01697	0	0	0	0	0	1	0
LINC01712	0	0	0	1	0	0	0
LINC01714	0	0	0	0	1	0	0
LINC01720	0	0	0	0	1	0	0
LINC01724	0	0	0	0	1	1	0
LINC01734	0	0	0	0	1	0	0
LINC01745	0	0	0	1	0	0	0
LINC01748	0	0	0	1	0	1	0
LINC01752	0	0	0	0	1	0	0
LINC01753	0	0	0	0	1	0	0
LINC01755	0	0	0	0	1	0	0
LINC01761	0	0	0	1	0	0	0
LINC01767	0	0	0	0	0	1	0
LINC01781	0	0	0	1	0	0	0
LINC01787	0	0	0	0	1	0	0
LINC01793	0	0	0	1	1	0	0
LINC01798	0	0	0	1	0	0	0
LINC01809	0	0	0	1	0	0	0
LINC01810	0	0	0	1	1	0	0
LINC01817	0	0	0	1	0	0	0
LINC01821	0	0	0	1	0	0	0
LINC01826	0	0	0	0	1	0	0
LINC01846	0	0	0	1	1	1	0
LINC01854	0	0	0	0	1	0	0
LINC01861	0	0	0	1	0	0	0
LINC01878	0	0	0	1	0	0	0
LINC01886	0	0	0	1	1	0	0
LINC01891	0	0	0	1	0	0	0
LINC01892	0	0	0	1	0	0	0
LINC01894	0	0	0	0	1	1	0
LINC01903	0	0	0	0	1	0	0
LINC01917	0	0	0	1	0	0	0
LINC01919	0	0	0	1	0	1	0
LINC01931	0	0	0	0	1	0	0
LINC01935	0	0	0	0	0	1	0
LINC01941	0	0	0	1	0	0	0
LINC01947	0	0	0	1	0	0	0
LINC01950	0	0	0	1	0	1	0
LINC01951	0	0	0	1	0	0	0
LINC01968	0	0	0	0	0	1	0
LINC01972	0	0	0	1	0	0	0
LINC01981	0	0	0	1	0	0	0
LINC01985	0	0	0	0	1	0	0
LINC02005	0	0	0	0	0	1	0
LINC02006	0	0	0	1	0	0	0
LINC02008	0	0	0	1	0	0	0
LINC02010	0	0	0	0	1	0	0
LINC02015	0	0	0	1	0	1	0
LINC02017	0	0	0	1	0	0	0
LINC02024	0	0	0	1	1	0	0
LINC02027	0	0	0	1	0	0	0
LINC02032	0	0	0	1	0	0	0
LINC02039	0	0	0	0	1	0	0
LINC02041	0	0	0	0	1	0	0
LINC02049	0	0	0	0	0	1	0
LINC02050	0	0	0	1	0	0	0
LINC02055	0	0	0	0	1	1	0
LINC02067	0	0	0	0	1	0	0
LINC02077	0	0	0	1	0	1	0
LINC02103	0	0	0	1	0	1	0
LINC02105	0	0	0	1	0	0	0
LINC02106	0	0	0	1	0	0	0
LINC02112	0	0	0	0	1	0	0
LINC02113	0	0	0	1	0	0	0
LINC02114	0	0	0	1	1	0	0
LINC02115	0	0	0	0	0	1	0
LINC02118	0	0	0	0	1	0	0
LINC02121	0	0	0	0	1	0	0
LINC02143	0	0	0	1	0	0	0
LINC02145	0	0	0	1	0	0	0
LINC02147	0	0	0	1	1	0	0
LINC02148	0	0	0	0	1	0	0
LINC02149	0	0	0	1	0	0	0
LINC02155	0	0	0	1	0	0	0
LINC02156	0	0	0	0	0	1	0
LINC02167	0	0	0	1	0	0	0
LINC02172	0	0	0	1	0	1	0
LINC02198	0	0	0	1	1	0	0
LINC02200	0	0	0	1	0	0	0
LINC02211	0	0	0	1	0	0	0
LINC02214	0	0	0	1	0	0	0
LINC02217	0	0	0	1	0	0	0
LINC02223	0	0	0	1	1	0	0
LINC02224	0	0	0	1	1	0	0
LINC02225	0	0	0	0	0	1	0
LINC02226	0	0	0	1	0	0	0
LINC02228	0	0	0	0	1	0	0
LINC02230	0	0	0	0	0	1	0
LINC02233	0	0	0	1	0	0	0
LINC02234	0	0	0	1	0	0	0
LINC02237	0	0	0	1	0	0	0
LINC02240	0	0	0	1	1	1	0
LINC02261	0	0	0	1	0	1	0
LINC02269	0	0	0	0	1	0	0
LINC02270	0	0	0	1	0	0	0
LINC02271	0	0	0	1	0	0	0
LINC02293	0	0	0	0	1	0	0
LINC02299	0	0	0	0	1	0	0
LINC02301	0	0	0	1	0	1	0
LINC02311	0	0	0	0	0	1	0
LINC02315	0	0	0	0	0	1	0
LINC02330	0	0	0	1	1	0	0
LINC02332	0	0	0	1	0	0	0
LINC02349	0	0	0	1	0	0	0
LINC02353	0	0	0	0	1	0	0
LINC02360	0	0	0	1	0	0	0
LINC02380	0	0	0	1	1	1	0
LINC02412	0	0	0	1	0	0	0
LINC02421	0	0	0	1	0	0	0
LINC02424	0	0	0	1	0	0	0
LINC02426	0	0	0	0	1	0	0
LINC02429	0	0	0	1	0	0	0
LINC02432	0	0	0	0	1	0	0
LINC02444	0	0	0	1	0	0	0
LINC02446	0	0	0	0	1	0	0
LINC02458	0	0	0	0	1	0	0
LINC02465	0	0	0	1	0	0	0
LINC02472	0	0	0	1	0	0	0
LINC02484	0	0	0	0	1	1	0
LINC02488	0	0	0	0	1	0	0
LINC02493	0	0	0	1	0	0	0
LINC02494	0	0	0	0	0	1	0
LINC02497	0	0	0	0	1	1	0
LINC02511	0	0	0	1	0	1	0
LINC02513	0	0	0	1	0	0	0
LINC02516	0	0	0	1	0	1	0
LINC02518	0	0	0	1	0	0	0
LINC02530	0	0	0	1	0	0	0
LINC02533	0	0	0	0	0	1	0
LINC02534	0	0	0	0	0	1	0
LINC02542	0	0	0	0	1	0	0
LINC02545	0	0	0	0	0	1	0
LINC02552	0	0	0	0	0	1	0
LINC02582	0	0	0	0	0	1	0
LINC02595	0	0	0	1	0	0	0
LINC02607	0	0	0	0	0	1	0
LINC02615	0	0	0	0	1	0	0
LINC02616	0	0	0	0	0	1	0
LINC02639	0	0	0	1	0	0	0
LINC02648	0	0	0	0	1	0	0
LINC02650	0	0	0	0	1	0	0
LINC02653	0	0	0	0	1	0	0
LINC02655	0	0	0	1	0	0	0
LINC02669	0	0	0	0	0	1	0
LINC02670	0	0	0	1	1	0	0
LINC02711	0	0	0	0	0	1	0
LINC02714	0	0	0	1	0	0	0
LINC02720	0	0	0	0	1	0	0
LINC02760	0	0	0	1	0	0	0
LINC02817	0	0	0	0	1	1	0
LINC02864	0	0	0	1	0	0	0
LINC02868	0	0	0	1	0	0	0
LINC02869	0	0	0	1	0	0	0
LINC02873	0	0	0	1	0	0	0
LINC02875	0	0	0	0	1	0	0
LINC02877	0	0	0	1	0	0	0
LINC02882	0	0	0	1	0	0	0
LINC02899	0	0	0	1	0	0	0
LINC02900	0	0	0	1	0	0	0
LINC02903	0	0	0	0	0	1	0
LINC02915	0	0	0	0	1	0	0
LINC02941	0	0	0	1	0	0	0
LINC02955	0	0	0	1	0	0	0
LINC02984	0	0	0	1	0	0	0
LINC02987	0	0	0	1	0	0	0
LINC02992	0	0	0	1	0	0	0
LINC02994	0	0	0	1	0	0	0
LINC02996	0	0	0	1	0	0	0
LINC02997	0	0	0	1	0	0	0
LINC03002	0	0	0	0	0	1	0
LINC03005	0	0	0	1	1	0	0
LINC03017	0	0	0	1	0	1	0
LINC03024	0	0	0	0	1	0	0
LINC03027	0	0	0	0	1	0	0
LINC03123	0	0	0	1	0	0	0
LIPC-AS1	0	0	0	1	0	0	0
LIPG	0	0	0	0	1	0	0
LITATS1	0	0	0	1	0	0	0
LIX1	0	0	0	1	0	0	0
LLPH-DT	0	0	0	0	1	0	0
LMBRD1	0	0	0	1	0	1	0
LMNTD1	0	0	0	0	1	0	0
LMX1A	0	0	0	0	0	1	0
LNCATV	0	0	0	1	0	0	0
LNCPRESS2	0	0	0	0	1	0	0
LNCSRLR	0	0	0	1	1	1	0
LNPEP	0	0	0	1	0	0	0
LNX1-AS2	0	0	0	1	0	0	0
LOC100129316	0	0	0	0	1	0	0
LOC100129617	0	0	0	1	0	0	0
LOC100130298	0	0	0	1	0	0	0
LOC100134040	0	0	0	0	0	1	0
LOC100271832	0	0	0	0	0	1	0
LOC100287944	0	0	0	1	0	0	0
LOC100289473	0	0	0	1	1	0	0
LOC100422212	0	0	0	1	0	0	0
LOC100506274	0	0	0	1	0	0	0
LOC100506403	0	0	0	0	1	0	0
LOC100506474	0	0	0	1	1	0	0
LOC100506790	0	0	0	0	1	0	0
LOC100506858	0	0	0	0	1	0	0
LOC100506869	0	0	0	0	1	0	0
LOC100507412	0	0	0	1	0	0	0
LOC100996664	0	0	0	1	0	1	0
LOC101926908	0	0	0	1	0	0	0
LOC101927020	0	0	0	0	1	0	0
LOC101927040	0	0	0	1	0	0	0
LOC101927045	0	0	0	1	0	0	0
LOC101927066	0	0	0	1	0	0	0
LOC101927141	0	0	0	0	0	1	0
LOC101927159	0	0	0	0	1	1	0
LOC101927189	0	0	0	1	0	0	0
LOC101927237	0	0	0	1	0	1	0
LOC101927269	0	0	0	1	0	0	0
LOC101927284	0	0	0	1	0	0	0
LOC101927394	0	0	0	1	0	0	0
LOC101927418	0	0	0	1	0	0	0
LOC101927421	0	0	0	1	1	0	0
LOC101927450	0	0	0	0	1	0	0
LOC101927488	0	0	0	1	0	0	0
LOC101927516	0	0	0	1	0	0	0
LOC101927550	0	0	0	0	1	0	0
LOC101927668	0	0	0	1	0	0	0
LOC101927691	0	0	1	0	0	0	0
LOC101927769	0	0	0	1	0	0	0
LOC101927787	0	0	0	0	1	0	0
LOC101927822	0	0	0	0	1	0	0
LOC101927845	0	0	0	0	1	0	0
LOC101927881	0	0	0	1	0	0	0
LOC101927908	0	0	0	1	0	0	0
LOC101927960	0	0	0	1	0	0	0
LOC101928052	0	0	1	0	0	0	0
LOC101928166	0	0	0	1	0	0	0
LOC101928254	0	0	0	0	1	0	0
LOC101928269	0	0	0	0	1	0	0
LOC101928272	0	0	0	1	0	0	0
LOC101928386	0	0	0	1	0	0	0
LOC101928453	0	0	0	1	0	0	0
LOC101928475	0	0	0	1	0	1	0
LOC101928510	0	0	0	1	0	0	0
LOC101928519	0	0	0	1	0	0	0
LOC101928525	0	0	0	0	1	0	0
LOC101928565	0	0	0	1	0	0	0
LOC101928622	0	0	0	0	1	0	0
LOC101928782	0	0	0	1	0	0	0
LOC101928847	0	0	0	0	0	1	0
LOC101928855	0	0	0	1	0	0	0
LOC101928882	0	0	0	1	0	0	0
LOC101928936	0	0	0	1	0	0	0
LOC101929154	0	0	0	1	0	0	0
LOC101929452	0	0	0	0	1	0	0
LOC101929460	0	0	0	1	0	0	0
LOC101929551	0	0	0	1	0	0	0
LOC101929563	0	0	0	1	0	0	0
LOC101929577	0	0	0	1	0	0	0
LOC102467226	0	0	0	1	0	0	0
LOC102606466	0	0	0	1	1	0	0
LOC102723427	0	0	0	0	1	0	0
LOC102723475	0	0	0	1	0	0	0
LOC102723604	0	0	0	0	1	0	0
LOC102723769	0	0	0	1	0	1	0
LOC102723971	0	0	0	1	0	0	0
LOC102724096	0	0	0	0	0	1	0
LOC102724152	0	0	0	1	0	0	0
LOC102724357	0	0	0	1	0	0	0
LOC102724467	0	0	0	0	1	0	0
LOC102724604	0	0	0	1	0	0	0
LOC102724612	0	0	0	0	1	0	0
LOC102724904	0	0	0	0	0	1	0
LOC102724908	0	0	0	1	0	0	0
LOC104054148	0	0	0	1	0	0	0
LOC105369146	0	0	0	1	1	0	0
LOC105369212	0	0	0	1	1	0	0
LOC105369535	0	0	0	1	0	0	0
LOC105370362	0	0	0	0	1	0	0
LOC105370802	0	0	0	1	0	0	0
LOC105372028	0	0	0	0	1	0	0
LOC105372179	0	0	0	0	1	0	0
LOC105373782	0	0	0	1	0	0	0
LOC105374428	0	0	0	1	0	0	0
LOC105374704	0	0	0	1	1	0	0
LOC105374960	0	0	0	1	0	0	0
LOC105374988	0	0	1	0	0	0	0
LOC105375075	0	0	0	1	0	0	0
LOC105375690	0	0	0	0	1	1	0
LOC105375713	0	0	0	1	0	0	0
LOC105375972	0	0	0	1	0	0	0
LOC105376194	0	0	0	0	1	0	0
LOC105376360	0	0	0	1	0	0	0
LOC105377102	0	0	0	1	0	0	0
LOC105377458	0	0	0	0	0	1	0
LOC105377480	0	0	0	0	1	0	0
LOC105377651	0	0	0	1	0	0	0
LOC105377967	0	0	0	0	0	1	0
LOC105378479	0	0	0	1	0	0	0
LOC105379192	0	0	0	0	0	1	0
LOC107986794	0	0	0	1	0	1	0
LOC127814295	0	0	0	0	0	1	0
LOC284788	0	0	0	1	0	0	0
LOC286083	0	0	0	1	0	0	0
LOC339593	0	0	0	0	1	0	0
LOC339975	0	0	0	1	0	0	0
LOC340512	0	0	0	1	0	0	0
LOC440982	0	0	0	1	0	0	0
LOC613266	0	0	0	1	0	0	0
LOC645188	0	0	0	1	0	0	0
LOC646736	0	0	0	0	1	1	0
LOC729291	0	0	0	0	1	0	0
LOC729681	0	0	0	1	0	0	0
LOC730338	0	0	0	1	0	1	0
LONRF2	0	0	0	0	1	0	0
LPAR1	0	0	0	1	0	0	0
LPP	0	0	0	1	0	0	0
LPP-AS1	0	0	0	0	1	0	0
LRATD1	0	0	0	0	0	1	0
LRFN5	0	0	0	0	1	1	0
LRIG2-DT	0	0	0	1	0	0	0
LRIG3	0	0	0	1	0	1	0
LRMDA	0	0	0	1	1	0	0
LRP1B	0	0	0	1	1	0	0
LRRC1	0	0	0	1	0	0	0
LRRC30	0	0	0	0	1	0	0
LRRC3B	0	0	0	0	0	1	0
LRRC70	0	0	0	0	0	1	0
LRRC72	0	0	0	1	0	0	0
LRRC77P	0	0	0	1	0	0	0
LRRC8B	0	0	0	1	0	0	0
LRRC8C	0	0	0	0	1	0	0
LRRC8D	0	0	0	1	0	0	0
LRRN2	0	0	0	0	0	1	0
LRRN3	0	0	0	1	0	0	0
LRRTM1	0	0	0	0	1	0	0
LSAMP-AS1	0	0	0	0	1	0	0
LSM11	0	0	0	1	0	0	0
LYG1	0	0	0	0	1	0	0
LYPLAL1	0	0	0	1	0	0	0
LYPLAL1-AS1	0	0	0	1	0	1	0
LZTS1	0	0	0	0	1	0	0
MACROD2	0	0	0	0	1	0	0
MACROD2-IT1	0	0	0	0	0	1	0
MAD2L1	0	0	0	1	0	0	0
MAF	0	0	0	1	0	0	0
MAGEB16	0	0	0	1	0	0	0
MAGI2-AS2	0	0	0	1	0	1	0
MAGI2-AS3	0	0	0	1	0	0	0
MANCR	0	0	0	0	1	0	0
MANEA-DT	0	0	0	1	0	0	0
MAOB	0	0	0	0	1	0	0
MAP2	0	0	0	0	1	1	0
MAP2K5	0	0	0	1	0	0	0
MAP3K20	0	0	0	0	1	0	0
MAP3K7	0	0	0	1	1	0	0
MAP3K7CL	0	0	0	1	0	0	0
MAP7	0	0	0	1	0	0	0
MAPK1	0	0	0	1	0	0	0
MAPK10	0	0	0	1	0	0	0
MAPK10-AS1	0	0	0	0	0	1	0
MAPK4	0	0	0	1	0	0	0
MARCHF1	0	0	0	1	0	0	0
MARCHF11	0	0	0	0	0	1	0
MARCHF3	0	0	0	0	0	1	0
MARCHF4	0	0	0	1	0	0	0
MARVELD3	0	0	0	0	1	0	0
MAST2	0	0	0	1	0	0	0
MAST4	0	0	0	0	0	1	0
MAT2B	0	0	0	0	1	0	0
MATCAP2	0	0	0	0	0	1	0
MATN1-AS1	0	0	0	1	0	0	0
MBIP	0	0	0	1	0	0	0
MC2R	0	0	0	1	0	0	0
MCTP2	0	0	0	1	0	0	0
MCUB	0	0	0	1	0	0	0
MDFIC	0	0	1	0	0	0	0
MDGA2	0	0	0	1	0	0	0
ME3	0	0	0	0	1	0	0
MEAT6	0	0	0	1	1	0	0
MECOM	0	0	0	1	0	0	0
MEGF10	0	0	0	0	0	1	0
MFFP3	0	0	0	0	0	1	0
MFHAS1	0	0	0	1	0	0	0
MFSD1	0	0	0	1	0	0	0
MFSD9	0	0	0	1	0	0	0
MGAT4C	0	0	0	1	0	0	0
MGC12916	0	0	0	1	0	0	0
MGC32805	0	0	0	1	0	0	0
MGC34796	0	0	0	1	0	0	0
MGC70870	0	0	0	0	0	1	0
MIR1208	0	0	0	1	1	0	0
MIR12113	0	0	0	1	1	0	0
MIR1243	0	0	0	1	0	0	0
MIR1244-2	0	0	0	1	0	0	0
MIR125B1	0	0	0	1	0	0	0
MIR125B2	0	0	0	1	1	0	0
MIR1260B	0	0	0	0	0	1	0
MIR1261	0	0	0	1	0	0	0
MIR1263	0	0	0	1	0	0	0
MIR1269A	0	0	0	1	0	0	0
MIR1270	0	0	0	1	0	0	0
MIR1297	0	0	0	1	0	0	0
MIR1299	0	0	0	1	0	0	0
MIR1302-6	0	0	0	1	0	0	0
MIR147A	0	0	0	0	0	1	0
MIR197	0	0	0	1	0	0	0
MIR1973	0	0	0	1	0	1	0
MIR204	0	0	0	1	0	0	0
MIR2052	0	0	0	1	0	0	0
MIR2054	0	0	0	1	1	1	0
MIR2113	0	0	0	1	0	0	0
MIR28	0	0	0	0	1	0	0
MIR2909	0	0	0	1	0	0	0
MIR29B1	0	0	0	1	0	0	0
MIR302F	0	0	0	1	0	0	0
MIR3170	0	0	0	1	0	0	0
MIR320D2	0	0	0	1	0	0	0
MIR3660	0	0	0	0	1	0	0
MIR3681	0	0	0	1	0	0	0
MIR3681HG	0	0	0	0	1	0	0
MIR3692	0	0	0	1	0	0	0
MIR3914-1	0	0	0	1	0	0	0
MIR3938	0	0	0	1	1	0	0
MIR3942	0	0	0	1	0	0	0
MIR3977	0	0	0	0	0	1	0
MIR4265	0	0	0	1	0	0	0
MIR4268	0	0	0	0	1	1	0
MIR4272	0	0	0	0	0	1	0
MIR4275	0	0	0	1	0	0	0
MIR4289	0	0	0	1	0	0	0
MIR4290HG	0	0	0	1	0	0	0
MIR4303	0	0	0	1	0	0	0
MIR4305	0	0	0	0	0	1	0
MIR4319	0	0	0	1	0	0	0
MIR4320	0	0	0	0	1	0	0
MIR4427	0	0	0	1	0	0	0
MIR4428	0	0	0	1	0	0	0
MIR4435-2	0	0	0	1	0	0	0
MIR4435-2HG	0	0	0	1	0	0	0
MIR4440	0	0	1	0	0	0	0
MIR4445	0	0	0	0	1	0	0
MIR4451	0	0	0	1	0	1	0
MIR4454	0	0	0	1	1	0	0
MIR4460	0	0	0	0	1	0	0
MIR4465	0	0	0	1	0	0	0
MIR4466	0	0	0	1	0	0	0
MIR4477B	0	0	0	1	0	1	0
MIR4490	0	0	0	0	0	1	0
MIR4493	0	0	0	1	0	0	0
MIR4500	0	0	0	1	0	0	0
MIR4510	0	0	0	0	0	1	0
MIR4636	0	0	0	0	0	1	0
MIR4643	0	0	0	1	1	0	0
MIR466	0	0	0	0	1	0	0
MIR4666B	0	0	0	1	0	0	0
MIR4668	0	0	0	0	1	0	0
MIR4699	0	0	0	1	0	0	0
MIR4718	0	0	0	0	1	0	0
MIR4743	0	0	0	1	0	0	0
MIR4762	0	0	0	1	0	0	0
MIR4776-2	0	0	0	1	0	0	0
MIR4778	0	0	0	1	0	0	0
MIR4783	0	0	0	1	0	0	0
MIR4785	0	0	0	0	0	1	0
MIR4799	0	0	0	1	0	0	0
MIR488	0	0	0	1	0	0	0
MIR5007	0	0	0	1	0	0	0
MIR5008	0	0	1	0	0	0	0
MIR5011	0	0	0	1	0	0	0
MIR511	0	0	0	1	0	0	0
MIR5197	0	0	0	1	0	1	0
MIR532	0	0	0	1	0	0	0
MIR548A3	0	0	0	0	0	1	0
MIR548AA2	0	0	0	0	0	1	0
MIR548AG1	0	0	0	1	0	1	0
MIR548AI	0	0	0	0	0	1	0
MIR548AP	0	0	1	0	0	0	0
MIR548AS	0	0	0	0	0	1	0
MIR548AU	0	0	0	1	0	1	0
MIR548BB	0	0	0	1	0	0	0
MIR548F2	0	0	0	1	1	0	0
MIR548F3	0	0	0	0	1	0	0
MIR548F5	0	0	0	1	0	0	0
MIR548G	0	0	0	1	0	0	0
MIR548I1	0	0	0	1	0	0	0
MIR548I2	0	0	0	0	0	1	0
MIR548I4	0	0	0	1	0	0	0
MIR548P	0	0	0	1	0	0	0
MIR548Q	0	0	0	0	1	0	0
MIR548W	0	0	0	0	1	0	0
MIR551B	0	0	0	1	0	1	0
MIR5580	0	0	0	1	0	0	0
MIR5680	0	0	0	1	0	0	0
MIR5689	0	0	0	1	0	0	0
MIR569	0	0	0	1	0	1	0
MIR5702	0	0	0	1	0	0	0
MIR5704	0	0	0	1	1	0	0
MIR5706	0	0	0	1	0	0	0
MIR5739	0	0	0	0	0	1	0
MIR577	0	0	0	0	0	1	0
MIR584	0	0	0	1	1	0	0
MIR588	0	0	0	0	1	0	0
MIR591	0	0	0	1	0	0	0
MIR592	0	0	0	1	0	0	0
MIR603	0	0	0	0	0	1	0
MIR6073	0	0	0	1	0	0	0
MIR6085	0	0	0	0	1	0	0
MIR6130	0	0	0	0	1	0	0
MIR6134	0	0	0	1	0	0	0
MIR617	0	0	0	1	0	0	0
MIR620	0	0	0	0	1	1	0
MIR622	0	0	0	0	1	0	0
MIR663AHG	0	0	0	1	0	1	0
MIR6868	0	0	0	0	1	0	0
MIR6870	0	0	0	0	0	1	0
MIR7156	0	0	0	1	0	0	0
MIR7702	0	0	0	0	1	0	0
MIR8055	0	0	0	0	1	0	0
MIR8056	0	0	0	1	0	0	0
MIR8062	0	0	0	0	1	0	0
MIR8068	0	0	0	0	1	0	0
MIR8080	0	0	0	1	0	0	0
MIR8082	0	0	0	0	1	0	0
MIR891A	0	0	0	0	0	1	0
MIR9-2HG	0	0	0	0	0	1	0
MIR924	0	0	0	0	1	0	0
MIRLET7I	0	0	0	1	0	0	0
MKLN1	0	0	0	1	0	0	0
MKRN9P	0	0	0	1	0	0	0
MLLT10P1	0	0	0	1	0	0	0
MLLT3	0	0	0	1	0	0	0
MLYCD	0	0	0	1	0	0	0
MMD	0	0	0	0	1	0	0
MMP16	0	0	0	0	1	0	0
MOBP	0	0	0	1	0	0	0
MPEG1	0	0	0	0	1	1	0
MPPED2	0	0	0	1	0	0	0
MRAP2	0	0	0	1	0	0	0
MREG	0	0	0	1	0	0	0
MRGPRX2	0	0	0	0	1	0	0
MROCKI	0	0	0	1	0	0	0
MRPL13	0	0	0	0	0	1	0
MRPL3	0	0	0	0	1	1	0
MRPL32	0	0	0	1	0	0	0
MRPS28	0	0	0	1	0	0	0
MRPS30	0	0	0	1	0	0	0
MSC-AS1	0	0	0	1	0	0	0
MSR1	0	0	0	1	0	0	0
MSTN	0	0	0	1	0	0	0
MSX2	0	0	0	0	1	0	0
MT1HL1	0	0	0	1	0	0	0
MTCL1	0	0	0	0	1	0	0
MTDH	0	0	0	0	1	0	0
MTERF1	0	0	0	0	0	1	0
MTMR12	0	0	0	1	0	0	0
MTMR2	0	0	0	1	0	0	0
MTPN	0	0	0	1	0	0	0
MTRNR2L7	0	0	0	0	1	0	0
MTRNR2L9	0	0	0	1	0	0	0
MTRR	0	0	0	1	0	0	0
MTSS1	0	0	0	1	0	0	0
MTUS1	0	0	0	1	0	0	0
MUC7	0	0	0	0	0	1	0
MUCL1	0	0	0	1	0	0	0
MUSK	0	0	0	1	1	0	0
MYADML	0	0	0	1	0	0	0
MYCBP2	0	0	0	1	0	0	0
MYO10	0	0	0	1	1	0	0
MYO16-AS1	0	0	0	1	0	0	0
MYO18B	0	0	0	0	1	0	0
N4BP1	0	0	0	0	1	0	0
NAA11	0	0	0	1	1	0	0
NAALADL2	0	0	0	0	0	1	0
NAALADL2-AS1	0	0	0	1	0	0	0
NAALADL2-AS2	0	0	0	1	0	0	0
NAB1	0	0	0	1	0	0	0
NACA2	0	0	0	1	0	0	0
NALCN-AS1	0	0	0	1	0	0	0
NAP1L3	0	0	0	1	0	0	0
NAT2	0	0	0	0	0	1	0
NAV2	0	0	0	0	1	0	0
NAV3	0	0	0	0	0	1	0
NBEA	0	0	0	0	0	1	0
NBPF15	0	0	0	1	0	0	0
NBPF19	0	0	0	1	0	0	0
NBPF22P	0	0	0	1	0	0	0
NCALD	0	0	0	1	0	0	0
NCKAP5	0	0	0	1	1	1	0
NCOA3	0	0	0	1	0	0	0
NDST4	0	0	0	1	0	0	0
NDUFAF4	0	0	0	1	0	0	0
NDUFB4	0	0	0	1	0	0	0
NDUFS4	0	0	0	1	0	0	0
NEBL	0	0	0	0	1	0	0
NECTIN1-DT	0	0	0	1	0	0	0
NECTIN3-AS1	0	0	0	1	1	0	0
NEDD1	0	0	0	0	1	0	0
NEDD4	0	0	0	1	0	0	0
NEDD4L	0	0	0	1	0	0	0
NEDD9	0	0	0	1	0	0	0
NEFL	0	0	0	0	1	0	0
NEK10	0	0	0	1	0	0	0
NEK7	0	0	0	0	1	0	0
NELL2	0	0	0	1	1	0	0
NEURL1B	0	0	0	1	0	0	0
NFIB	0	0	0	1	0	0	0
NGF-AS1	0	0	0	0	0	1	0
NHLRC3	0	0	0	0	1	0	0
NHS	0	0	0	0	1	0	0
NID2	0	0	0	1	0	0	0
NIPAL2	0	0	0	0	1	0	0
NIPSNAP3B	0	0	0	0	1	0	0
NKAIN3	0	0	0	0	1	0	0
NLGN1-AS1	0	0	0	1	1	0	0
NLK	0	0	0	1	0	0	0
NMUR2	0	0	0	1	1	0	0
NNMT	0	0	0	1	0	0	0
NNT-AS1	0	0	0	1	0	1	0
NOBOX	0	0	0	0	1	1	0
NOG	0	0	0	1	0	0	0
NOL4	0	0	0	0	0	1	0
NOS1	0	0	0	0	1	0	0
NOVA1	0	0	0	1	1	1	0
NOX3	0	0	0	1	0	0	0
NOX4	0	0	0	0	1	0	0
NPEPPS	0	0	0	1	0	0	0
NPFFR2	0	0	0	1	0	0	0
NPY2R	0	0	0	1	0	0	0
NR2C1	0	0	0	0	1	0	0
NR2F1-AS1	0	0	0	1	1	0	0
NR4A3	0	0	0	1	0	0	0
NRAD1	0	0	0	1	0	0	0
NRCAM	0	0	0	1	1	1	0
NREP	0	0	0	1	0	0	0
NRG1	0	0	0	1	1	1	0
NRG3-AS1	0	0	0	0	1	0	0
NRON	0	0	0	1	0	0	0
NRP1	0	0	0	0	1	0	0
NRSN1	0	0	0	1	0	1	0
NRXN3	0	0	0	0	1	0	0
NSG2	0	0	0	0	1	0	0
NT5DC3	0	0	0	0	1	0	0
NTRK2	0	0	0	1	0	1	0
NUAK1	0	0	0	1	0	0	0
NUBP1	0	0	0	1	0	0	0
NUDT12	0	0	0	1	1	0	0
NUP35	0	0	0	1	0	1	0
NUP93	0	0	0	1	0	0	0
NWD2	0	0	0	1	0	0	0
NXNL2	0	0	0	1	0	0	0
NYAP2	0	0	0	1	0	0	0
ODC1-DT	0	0	0	1	0	0	0
OPCML	0	0	0	1	0	0	0
OPHN1	0	0	0	1	0	0	0
OR1F1	0	0	1	0	0	0	0
OR2AG1	0	0	0	0	0	1	0
OR52K2	0	0	0	0	0	1	0
OR5A2	0	0	0	0	1	0	0
OR5E1P	0	0	0	1	0	0	0
ORC2	0	0	0	1	0	0	0
OSBPL3	0	0	0	1	0	0	0
OTOL1	0	0	0	1	1	0	0
OTP	0	0	0	1	0	0	0
OTX2-AS1	0	0	0	0	1	0	0
OVAAL	0	0	0	0	1	0	0
OXA1L	0	0	1	0	0	0	0
OXR1	0	0	0	0	1	0	0
P2RY1	0	0	0	0	1	0	0
PABPC1P2	0	0	0	1	0	0	0
PABPC5	0	0	0	1	0	0	0
PACRG	0	0	0	1	0	0	0
PACRG-AS2	0	0	0	1	0	0	0
PADI2	0	0	0	0	1	0	0
PALLD	0	0	0	0	1	0	0
PALS1	0	0	0	1	0	0	0
PAM	0	0	0	1	0	0	0
PANCR	0	0	0	0	1	0	0
PANK3	0	0	0	1	0	0	0
PAPPA	0	0	0	0	1	0	0
PAPSS1	0	0	0	1	0	0	0
PAPSS2	0	0	0	0	1	0	0
PAQR3	0	0	0	0	0	1	0
PARAIL	0	0	0	0	0	1	0
PARD3	0	0	0	1	0	0	0
PARD3B	0	0	0	1	0	0	0
PARP8	0	0	0	1	0	1	0
PAX6	0	0	0	0	0	1	0
PBX1	0	0	0	0	0	1	0
PBX3	0	0	0	1	0	0	0
PCAT1	0	0	0	0	1	1	0
PCAT18	0	0	0	0	1	0	0
PCAT4	0	0	0	0	0	1	0
PCAT5	0	0	0	1	0	0	0
PCDH17	0	0	0	1	0	0	0
PCDH19	0	0	0	1	1	0	0
PCDH7	0	0	0	0	1	0	0
PCDH9	0	0	0	1	0	1	0
PCDH9-AS2	0	0	0	1	0	0	0
PCDH9-AS4	0	0	0	1	0	0	0
PCGEM1	0	0	0	1	1	0	0
PCGF5	0	0	0	0	0	1	0
PCNX1	0	0	0	1	0	0	0
PCNX2	0	0	0	0	1	0	0
PCNX4	0	0	0	1	0	0	0
PCOLCE2	0	0	0	1	0	0	0
PCP4	0	0	0	0	1	0	0
PCTP	0	0	0	1	0	0	0
PDE3A	0	0	0	1	1	0	0
PDE4B-AS1	0	0	0	1	0	0	0
PDE7B-AS1	0	0	0	1	0	0	0
PDE8A	0	0	0	1	0	0	0
PDGFC	0	0	0	0	1	0	0
PDHA1	0	0	0	1	0	0	0
PDHX	0	0	0	1	0	0	0
PDPN	0	0	0	1	0	0	0
PDSS2	0	0	0	0	1	0	0
PDYN	0	0	0	0	1	0	0
PDZRN3	0	0	0	1	0	0	0
PDZRN4	0	0	0	1	0	0	0
PECAM1	0	0	0	0	0	1	0
PELI2	0	0	0	1	0	0	0
PENK	0	0	0	1	0	0	0
PER3P1	0	0	0	1	0	0	0
PEX14	0	0	0	1	0	0	0
PEX2	0	0	0	1	0	0	0
PGBP	0	0	0	0	1	0	0
PGM5-AS1	0	0	0	0	1	0	0
PHACTR1	0	0	0	1	0	0	0
PHEX	0	0	0	1	0	0	0
PHF14	0	0	0	0	0	1	0
PHLPP1	0	0	0	0	0	1	0
PI15	0	0	0	0	0	1	0
PID1	0	0	0	1	1	0	0
PIK3C2G	0	0	0	1	0	0	0
PIK3C3	0	0	0	1	0	0	0
PIK3CB	0	0	0	1	0	0	0
PINLYP	0	0	1	0	0	0	0
PIP4P2	0	0	0	1	0	0	0
PIRT	0	0	0	0	1	0	0
PIWIL4-AS1	0	0	0	1	0	0	0
PKIA	0	0	0	1	0	0	0
PKNOX2	0	0	0	0	1	0	0
PLA2G2E	0	0	0	1	0	0	0
PLAAT1	0	0	0	0	0	1	0
PLCB1-IT1	0	0	0	1	0	0	0
PLEK	0	0	0	0	0	1	0
PLEKHA5	0	0	0	1	1	0	0
PLEKHG7	0	0	0	1	0	0	0
PLEKHM3	0	0	0	1	0	0	0
PLOD2	0	0	0	1	0	0	0
PLPP3	0	0	0	1	0	0	0
PLPPR1	0	0	0	0	1	0	0
PLPPR4	0	0	0	1	0	0	0
PLS3	0	0	0	0	1	0	0
PLXNA2	0	0	0	0	1	0	0
PLXNA4	0	0	0	1	0	0	0
PNMA8A	0	0	1	0	0	0	0
PNOC	0	0	0	1	0	0	0
PODXL	0	0	0	1	0	0	0
POGK	0	0	0	1	0	0	0
POLR3B	0	0	0	1	0	0	0
POM121L12	0	0	0	1	0	0	0
POTEA	0	0	0	1	0	0	0
POU1F1	0	0	0	0	1	0	0
POU2F3	0	0	1	0	0	0	0
POU3F4	0	0	0	1	1	0	0
PPARGC1A	0	0	0	1	1	0	0
PPEF1	0	0	0	0	1	0	0
PPFIA2	0	0	0	1	0	0	0
PPM1E	0	0	0	1	0	0	0
PPP1R14C	0	0	0	1	0	0	0
PPP1R17	0	0	0	0	0	1	0
PPP1R1C	0	0	0	1	0	0	0
PPP1R21	0	0	0	1	0	0	0
PPP1R2P2	0	0	0	0	1	0	0
PPP2R1B	0	0	0	1	0	0	0
PPP2R2B	0	0	0	0	1	0	0
PPP2R2B-IT1	0	0	0	0	0	1	0
PPP2R3B	0	0	0	1	0	0	0
PPP4R3C	0	0	0	1	0	0	0
PRDM1	0	0	0	1	1	0	0
PRDM14	0	0	0	0	1	0	0
PRDM5	0	0	0	1	0	0	0
PRDM8	0	0	0	0	1	0	0
PRDM9	0	0	0	1	1	0	0
PREP	0	0	0	1	0	0	0
PRICKLE1	0	0	0	0	1	0	0
PRICKLE2	0	0	0	1	0	0	0
PRIMA1	0	0	0	0	1	0	0
PRKCE	0	0	0	0	1	1	0
PRKCH	0	0	0	0	1	0	0
PRKD1	0	0	0	1	0	0	0
PRLHR	0	0	0	0	0	1	0
PROKR2	0	0	0	1	0	0	0
PROS1	0	0	0	0	1	0	0
PRPSAP1	0	0	0	1	0	0	0
PRR16	0	0	0	1	1	0	0
PRSS12	0	0	0	0	0	1	0
PRSS23	0	0	0	1	0	0	0
PRTFDC1	0	0	0	1	0	0	0
PSD3	0	0	0	1	0	0	0
PSG1	0	0	0	1	0	0	0
PSKH2	0	0	0	0	0	1	0
PTN	0	0	0	1	0	0	0
PTPN13	0	0	0	1	0	0	0
PTPN20	0	0	0	0	1	0	0
PTPRB	0	0	0	1	0	0	0
PTPRC	0	0	0	1	0	0	0
PTPRD	0	0	0	1	0	1	0
PTPRD-AS1	0	0	0	1	0	0	0
PTPRG-AS1	0	0	0	0	0	1	0
PTPRK	0	0	0	0	0	1	0
PTPRK-AS1	0	0	0	1	0	0	0
PTPRO	0	0	0	1	0	0	0
PTPRQ	0	0	0	0	1	0	0
PTPRZ1	0	0	0	0	0	1	0
PTTG2	0	0	0	0	1	0	0
PUM3	0	0	0	0	1	1	0
PURG	0	0	0	1	0	0	0
PURPL	0	0	0	0	0	1	0
PWP1	0	0	0	1	0	0	0
PWWP2A	0	0	0	0	0	1	0
PXDN	0	0	1	0	0	0	0
PXDNL	0	0	0	1	0	1	0
RAB22A	0	0	0	1	0	0	0
RAB27B	0	0	0	0	1	0	0
RAB28	0	0	0	1	0	0	0
RAB43	0	0	0	1	0	0	0
RABGAP1	0	0	0	0	1	0	0
RABGAP1L	0	0	0	0	1	0	0
RAD51AP2	0	0	0	1	0	0	0
RAD51B	0	0	0	1	0	0	0
RAI2	0	0	0	0	0	1	0
RALBP1	0	0	0	0	1	0	0
RALGPS1	0	0	0	1	1	0	0
RAP2B	0	0	0	1	0	0	0
RARB	0	0	0	1	1	0	0
RASAL2	0	0	0	1	0	0	0
RASD1	0	0	0	1	0	0	0
RASEF	0	0	0	1	1	0	0
RASGEF1B	0	0	0	1	1	1	0
RASSF10	0	0	0	0	1	0	0
RASSF3	0	0	0	1	0	0	0
RBM20	0	0	0	0	0	1	0
RBM26	0	0	0	1	0	0	0
RBM43	0	0	0	1	1	0	0
RBP2	0	0	0	1	1	0	0
RBP4	0	0	0	1	0	0	0
RCN1	0	0	0	0	1	0	0
RDH14	0	0	0	0	1	0	0
RDUR	0	0	0	0	1	0	0
REDIC1	0	0	0	1	0	0	0
REG1B	0	0	0	0	0	1	0
RERGL	0	0	0	0	1	0	0
RESF1	0	0	0	1	0	0	0
RETREG1	0	0	0	1	0	0	0
REXO2	0	0	0	0	0	1	0
RFFL	0	0	0	0	1	0	0
RFK	0	0	0	1	0	0	0
RFTN1	0	0	0	1	0	0	0
RFX3	0	0	0	0	1	0	0
RFX4	0	0	0	1	0	0	0
RGL1	0	0	0	0	1	0	0
RGMB	0	0	0	1	0	0	0
RGS6	0	0	0	0	0	1	0
RGS9	0	0	0	1	0	0	0
RGSL1	0	0	0	1	0	0	0
RHOH	0	0	0	0	1	0	0
RIMS1	0	0	0	1	0	0	0
RIOK2	0	0	0	1	0	0	0
RIPOR2	0	0	0	1	0	0	0
RIT2	0	0	0	1	1	0	0
RN7SK	0	0	0	1	0	0	0
RNF145	0	0	0	1	0	0	0
RNF152	0	0	0	1	1	0	0
RNF187	0	0	0	1	0	0	0
RNF207	0	0	1	0	0	0	0
RNF217	0	0	0	1	0	0	0
RNU6-2	0	0	0	1	1	0	0
ROBO1	0	0	0	1	0	0	0
ROBO2	0	0	0	1	0	1	0
RPA3	0	0	0	1	0	0	0
RPGRIP1L	0	0	0	1	0	0	0
RPH3A	0	0	0	0	0	1	0
RPL10L	0	0	0	1	0	0	0
RPL13AP17	0	0	0	1	1	0	0
RPL22L1	0	0	0	1	0	0	0
RPS29	0	0	0	1	1	0	0
RPS6KA3	0	0	0	1	1	0	0
RRM1	0	0	0	1	0	0	0
RSU1	0	0	0	1	0	0	0
RTL3	0	0	0	1	0	0	0
RTL6	0	0	0	1	0	0	0
RUNX1	0	0	0	1	0	0	0
RUNX1T1	0	0	0	1	1	1	0
RUVBL1	0	0	0	1	0	0	0
RXRA	0	0	0	1	0	0	0
RYBP	0	0	0	1	0	0	0
RYR2	0	0	0	1	0	1	0
S100A10	0	0	0	0	1	0	0
S1PR1-DT	0	0	0	1	0	0	0
SAMD12-AS1	0	0	0	0	1	0	0
SAMD9L	0	0	0	0	1	0	0
SASH1	0	0	0	1	0	0	0
SAYSD1	0	0	0	0	1	0	0
SCAF11	0	0	0	1	0	0	0
SCARNA18	0	0	0	0	1	0	0
SCAT8	0	0	0	1	0	0	0
SCD5	0	0	0	1	0	0	0
SCEL	0	0	0	0	1	0	0
SCG2	0	0	0	1	0	0	0
SCGB1C2	0	0	1	0	0	0	0
SCGN	0	0	0	0	1	0	0
SCOC	0	0	0	1	0	0	0
SCP2D1-AS1	0	0	0	0	0	1	0
SDK1	0	0	0	0	1	0	0
SDR16C5	0	0	0	0	1	0	0
SEC61G-DT	0	0	0	1	0	0	0
SEMA3A	0	0	0	1	0	0	0
SEMA3C	0	0	0	1	1	1	0
SEMA3D	0	0	0	1	0	0	0
SEMA3E	0	0	0	1	1	0	0
SEMA4D	0	0	0	1	0	0	0
SEMA5A-AS1	0	0	0	0	1	0	0
SEMA6D	0	0	0	1	1	0	0
SEPTIN5	0	0	0	1	0	1	0
SERGEF	0	0	0	0	0	1	0
SERINC5	0	0	0	0	0	1	0
SERP2	0	0	0	1	0	0	0
SERPINB9	0	0	0	1	0	0	0
SERPINE2	0	0	0	1	1	0	0
SERPINI1	0	0	0	1	0	0	0
SEZ6L	0	0	0	1	0	1	0
SFTA1P	0	0	0	1	0	0	0
SFTA3	0	0	0	1	0	0	0
SGCD	0	0	0	0	0	1	0
SGCG	0	0	0	0	0	1	0
SGPP2	0	0	0	0	1	0	0
SH3BGRL	0	0	0	1	0	0	0
SH3GL2	0	0	0	1	0	0	0
SH3RF2	0	0	0	0	1	0	0
SHCBP1L	0	0	0	0	1	0	0
SHISA3	0	0	0	1	0	1	0
SHISA4	0	0	0	1	0	0	0
SHTN1	0	0	0	0	0	1	0
SIL1	0	0	0	0	1	0	0
SIM2	0	0	0	1	0	0	0
SIPA1L2	0	0	0	1	1	0	0
SKA1	0	0	0	1	0	0	0
SKAP2	0	0	0	0	0	1	0
SKP1P2	0	0	0	0	1	0	0
SLC10A2	0	0	0	0	0	1	0
SLC13A1	0	0	0	1	0	0	0
SLC13A4	0	0	0	1	0	0	0
SLC16A7	0	0	0	1	0	0	0
SLC1A3	0	0	0	1	1	0	0
SLC22A16	0	0	0	1	0	0	0
SLC24A3-AS1	0	0	0	0	0	1	0
SLC25A13	0	0	0	0	1	0	0
SLC25A36	0	0	0	1	0	0	0
SLC25A46	0	0	0	0	1	1	0
SLC26A7	0	0	0	1	0	0	0
SLC28A3	0	0	0	1	0	0	0
SLC2A10	0	0	0	1	0	0	0
SLC2A12	0	0	0	1	0	0	0
SLC2A9	0	0	0	1	0	0	0
SLC31A1	0	0	0	1	0	0	0
SLC35B3	0	0	0	1	0	0	0
SLC35D2	0	0	0	1	0	0	0
SLC39A10	0	0	0	0	0	1	0
SLC39A8	0	0	0	1	1	0	0
SLC40A1	0	0	0	1	0	0	0
SLC4A3	0	0	0	0	1	0	0
SLC66A1LP	0	0	0	1	0	0	0
SLC6A15	0	0	0	1	1	0	0
SLC7A1	0	0	0	0	1	0	0
SLC7A14	0	0	0	0	0	1	0
SLC7A14-AS1	0	0	0	1	1	1	0
SLC7A8	0	0	0	0	0	1	0
SLC8A1	0	0	0	1	0	0	0
SLC8A1-AS1	0	0	0	1	0	0	0
SLC9A9-AS1	0	0	0	0	1	0	0
SLC9C1	0	0	0	1	0	0	0
SLCO1C1	0	0	0	1	0	0	0
SLCO4C1	0	0	0	1	0	0	0
SLIT2	0	0	0	1	0	1	0
SLIT2-IT1	0	0	0	0	0	1	0
SLITRK1	0	0	0	1	0	0	0
SLITRK2	0	0	0	1	0	0	0
SLMAP	0	0	0	1	0	0	0
SLN	0	0	0	1	0	0	0
SMAD9	0	0	0	1	0	0	0
SMANTIS	0	0	0	1	0	0	0
SMCO4	0	0	0	0	1	0	0
SMIM18	0	0	0	0	0	1	0
SMLR1	0	0	0	0	1	0	0
SMPX	0	0	0	1	0	0	0
SMS	0	0	0	1	0	0	0
SNCA	0	0	0	0	1	0	0
SND1-IT1	0	0	0	1	0	0	0
SNHG27	0	0	0	1	1	0	0
SNHG8	0	0	0	1	0	0	0
SNORA107	0	0	0	1	0	0	0
SNORA108	0	0	0	0	1	0	0
SNORA120	0	0	0	1	0	0	0
SNORA20B	0	0	0	1	0	0	0
SNORA33	0	0	0	1	1	0	0
SNORA37	0	0	0	1	0	0	0
SNORA70E	0	0	0	1	0	0	0
SNORA89	0	0	0	1	1	1	0
SNORD13I	0	0	0	0	1	0	0
SNORD156	0	0	0	1	0	0	0
SNORD161	0	0	0	0	1	0	0
SNORD169	0	1	0	0	0	0	0
SNORD170	0	0	0	1	0	0	0
SNORD31B	0	0	0	0	0	1	0
SNORD3E	0	0	0	1	0	0	0
SNORD67	0	0	0	0	0	1	0
SNRK	0	0	0	0	1	0	0
SNTB1	0	0	0	1	0	0	0
SNTG1	0	0	0	0	1	0	0
SNX10-AS1	0	0	0	1	0	0	0
SNX18	0	0	0	1	0	0	0
SNX29	0	0	0	1	0	0	0
SOCS2	0	0	0	0	1	0	0
SORBS2	0	0	0	0	1	0	0
SORCS3	0	0	0	1	0	0	0
SOX2	0	0	0	1	0	0	0
SOX2-OT	0	0	0	1	0	0	0
SOX5	0	0	0	1	0	0	0
SOX6	0	0	0	1	0	0	0
SPACA1	0	0	0	0	1	0	0
SPAG17	0	0	0	1	0	0	0
SPAG9	0	0	0	0	0	1	0
SPANXN1	0	0	0	0	0	1	0
SPARCL1	0	0	0	1	0	0	0
SPATA16	0	0	0	0	0	1	0
SPATA24	0	0	0	1	0	0	0
SPATA31D1	0	0	0	1	0	0	0
SPHKAP	0	0	0	0	0	1	0
SPIC	0	0	0	0	1	0	0
SPIDR	0	0	0	1	0	0	0
SPMIP2	0	0	0	1	1	0	0
SPMIP3	0	0	0	1	0	0	0
SPOCK2	0	0	0	1	0	0	0
SPP2	0	0	0	0	1	0	0
SPRED1	0	0	0	1	0	0	0
SPRED2	0	0	0	1	0	0	0
SPRY1	0	0	0	1	0	0	0
SPTSSA	0	0	0	1	1	0	0
SRD5A3-AS1	0	0	0	1	0	0	0
SRPX	0	0	0	1	0	0	0
SRSF3P2	0	0	0	1	0	0	0
SS18	0	0	0	0	0	1	0
SSMEM1	0	0	0	1	0	0	0
SSTR3	0	0	0	0	1	0	0
ST20-AS1	0	0	0	1	0	0	0
ST3GAL3-AS1	0	0	0	1	0	0	0
ST6GAL1	0	0	0	1	0	0	0
ST6GALNAC2	0	0	1	0	0	0	0
ST6GALNAC3	0	0	0	1	0	0	0
ST7-AS2	0	0	0	1	0	0	0
ST7L	0	0	0	0	1	0	0
ST8SIA1	0	0	0	1	0	0	0
ST8SIA4	0	0	0	1	0	0	0
STARD4-AS1	0	0	0	0	1	0	0
STAU2-AS1	0	0	0	0	0	1	0
STEAP1B-AS1	0	0	0	1	0	0	0
STIM2-AS1	0	0	0	1	0	0	0
STK32A	0	0	0	1	0	0	0
STON2	0	0	0	1	0	0	0
STPG2-AS1	0	0	0	0	1	1	0
STRIT1	0	0	0	0	1	0	0
STX12	0	0	0	1	0	0	0
STX18	0	0	0	1	0	0	0
STX8	0	0	0	0	1	0	0
STXBP6	0	0	0	1	0	1	0
SUGCT	0	0	0	1	0	0	0
SUMO1P1	0	0	0	1	0	0	0
SWAP70	0	0	0	1	0	0	0
SWT1	0	0	0	1	0	0	0
SYCE1L	0	0	0	0	1	0	0
SYNDIG1	0	0	0	1	1	0	0
SYNE1	0	0	0	1	1	0	0
SYNE2	0	0	0	1	0	0	0
SYNPR-AS1	0	0	0	0	1	0	0
SYS1-DBNDD2	0	0	0	0	0	1	0
SYT1	0	0	0	1	0	1	0
SYT14	0	0	0	0	1	0	0
SYT17	0	0	0	1	0	0	0
SYT4	0	0	0	0	1	0	0
SYT9-AS1	0	0	0	0	1	0	0
TAAR2	0	0	0	1	0	0	0
TAB2	0	0	0	0	1	0	0
TANK	0	0	0	1	0	0	0
TARS1	0	0	0	1	0	0	0
TAS1R2	0	0	0	0	1	0	0
TAX1BP1	0	0	0	1	0	0	0
TBC1D14	0	0	0	1	0	0	0
TBC1D19	0	0	0	1	0	0	0
TBC1D27P	0	0	0	0	1	0	0
TBC1D30	0	0	0	0	1	0	0
TBC1D31	0	0	0	1	0	0	0
TBC1D5	0	0	0	1	0	0	0
TBC1D9	0	0	0	1	0	0	0
TBCA	0	0	0	1	0	0	0
TBX15	0	0	0	1	0	0	0
TCF12	0	0	0	1	0	0	0
TCF20	0	0	0	0	0	1	0
TCIM	0	0	0	1	0	0	0
TCP11L2	0	0	0	1	0	0	0
TDRD6-AS1	0	0	0	1	0	0	0
TEC	0	0	0	0	0	1	0
TEK	0	0	0	1	0	0	0
TENM1	0	0	0	1	0	0	0
TENM2	0	0	0	1	0	0	0
TENT5A	0	0	0	1	0	0	0
TET2	0	0	0	1	0	0	0
TEX29	0	1	0	0	0	0	0
TEX35	0	0	0	1	0	0	0
TEX36-AS1	0	0	0	0	1	0	0
TEX41	0	0	0	1	1	0	0
TEX9	0	0	0	1	0	0	0
TFDP2	0	0	0	0	1	0	0
TG	0	0	0	1	0	0	0
TGFA-IT1	0	0	0	0	1	0	0
TGFB2	0	0	0	1	0	0	0
TGFB3	0	0	0	1	0	0	0
TGFBR2	0	0	0	0	1	1	0
TGM3	0	0	0	1	0	0	0
THEMIS	0	0	0	1	0	0	0
THORLNC	0	0	0	1	0	0	0
THSD4	0	0	0	1	0	0	0
THSD4-AS2	0	0	0	1	0	0	0
THSD7A	0	0	0	0	0	1	0
THSD7B	0	0	0	0	1	1	0
THUMPD3	0	0	0	1	0	0	0
TICRR	0	0	0	1	0	0	0
TIGD2	0	0	0	1	0	0	0
TINAG	0	0	0	1	0	0	0
TJP2	0	0	0	1	0	0	0
TM4SF4	0	0	0	0	1	0	0
TMC1	0	0	0	0	1	0	0
TMC3	0	0	0	0	1	0	0
TMCC3	0	0	0	1	0	0	0
TMEFF2	0	0	0	1	0	1	0
TMEM106B	0	0	0	1	0	0	0
TMEM132D	0	0	0	0	1	0	0
TMEM135	0	0	0	1	0	0	0
TMEM161B	0	0	0	1	0	0	0
TMEM161B-DT	0	0	0	1	0	0	0
TMEM17	0	0	0	0	1	0	0
TMEM178A	0	0	0	1	0	0	0
TMEM178B	0	0	0	1	0	0	0
TMEM181	0	0	0	0	1	0	0
TMEM182	0	0	0	1	0	0	0
TMEM183BP	0	0	0	1	0	0	0
TMEM200A	0	0	0	1	0	0	0
TMEM215	0	0	0	0	1	0	0
TMEM255A	0	0	0	0	1	0	0
TMEM47	0	0	0	1	0	0	0
TMEM72	0	0	0	0	1	0	0
TMEM74	0	0	0	0	1	0	0
TMTC1	0	0	0	0	1	0	0
TMTC2	0	0	0	1	0	0	0
TNFSF15	0	0	0	1	0	0	0
TNFSF4	0	0	0	1	1	0	0
TNKS	0	0	0	1	0	0	0
TNRC17	0	0	0	1	0	0	0
TOX2	0	0	0	1	1	0	0
TPCN1	0	0	0	1	0	0	0
TPRG1-AS2	0	0	0	0	1	0	0
TPST1	0	0	0	1	0	0	0
TRABD2B	0	0	0	1	0	0	0
TRAT1	0	0	0	1	0	0	0
TRD-AS1	0	0	0	0	1	0	0
TRDN-AS1	0	0	0	1	0	0	0
TRHR	0	0	0	1	0	0	0
TRIM44	0	0	0	0	1	0	0
TRIM48	0	0	0	1	0	0	0
TRIM54	0	0	0	0	1	0	0
TRIML2	0	0	0	1	0	0	0
TRIO	0	0	0	0	1	0	0
TRIOBP	0	0	1	0	0	0	0
TRPC4	0	0	0	1	0	0	0
TRPC7-AS2	0	0	0	1	0	0	0
TRPM1	0	0	0	0	1	0	0
TRPM3	0	0	0	1	0	0	0
TRPS1	0	0	0	0	1	1	0
TSG1	0	0	0	0	1	1	0
TSHZ2	0	0	0	0	1	0	0
TSN	0	0	0	1	1	1	0
TSPYL5	0	0	0	1	0	0	0
TTC14	0	0	0	0	1	0	0
TTC34	0	0	1	0	0	0	0
TUFT1	0	0	0	1	0	0	0
TWIST1	0	0	0	1	0	1	0
TXK	0	0	0	0	1	0	0
TXNDC16	0	0	0	0	1	0	0
TXNDC2	0	0	0	0	1	0	0
TXNDC5	0	0	0	1	0	0	0
UAP1	0	0	0	1	0	0	0
UBASH3B	0	0	1	1	0	0	0
UBBP4	0	0	0	1	0	0	0
UBE2E1	0	0	0	1	0	0	0
UBE2E2-DT	0	0	0	0	1	0	0
UBE2E4P	0	0	0	1	0	0	0
UBE2H	0	0	0	1	0	0	0
UBE2T	0	0	0	1	0	0	0
UBE3A	0	0	0	1	0	0	0
UBR4	0	0	0	0	0	1	0
UCHL1	0	0	0	0	0	1	0
UGT8	0	0	0	1	0	0	0
UHMK1	0	0	0	0	0	1	0
UMOD	0	0	0	1	0	0	0
UNC5C	0	0	0	0	1	1	0
UNC5D	0	0	0	1	1	0	0
UQCC5	0	0	0	0	1	0	0
URI1	0	0	0	1	0	0	0
USH2A	0	0	0	1	0	0	0
USH2A-AS2	0	0	0	0	1	0	0
USP15	0	0	0	0	1	0	0
UST	0	0	0	1	0	0	0
UST-AS1	0	0	0	1	0	0	0
UTRN	0	0	0	1	0	1	0
UVRAG	0	0	0	1	0	0	0
VANGL1	0	0	0	1	0	0	0
VAPA	0	0	0	1	0	0	0
VAV3	0	0	0	0	0	1	0
VCAN	0	0	0	1	0	0	0
VGLL2	0	0	0	0	1	0	0
VGLL3	0	0	0	1	1	0	0
VGLL4	0	0	0	1	0	0	0
VLDLR	0	0	0	0	1	0	0
VRK2	0	0	0	1	1	0	0
VSIG10L2	0	0	0	0	1	0	0
VSNL1	0	0	0	1	1	0	0
VSTM2A	0	0	0	1	0	0	0
VTRNA1-3	0	0	0	0	1	0	0
VWC2	0	0	0	0	1	0	0
VWC2L-IT1	0	0	0	0	1	0	0
WDFY3-AS2	0	0	0	0	0	1	0
WDR72	0	0	0	1	0	0	0
WHRN	0	0	0	1	0	0	0
WLS	0	0	0	1	0	0	0
WRN	0	0	0	1	1	1	0
WWOX	0	0	0	0	0	1	0
WWP1	0	0	0	0	1	0	0
XACT	0	0	0	0	1	0	0
XIRP2	0	0	0	1	0	0	0
XIRP2-AS1	0	0	0	1	0	0	0
XK	0	0	0	1	0	0	0
XPO4	0	0	0	0	0	1	0
XRCC4	0	0	0	1	0	0	0
YAP1	0	0	0	1	0	0	0
YTHDC2	0	0	0	0	1	0	0
YWHAZ	0	0	0	0	1	0	0
ZBTB20	0	0	0	0	1	0	0
ZBTB7C	0	0	0	1	0	0	0
ZC3H11B	0	0	0	1	0	0	0
ZC3H11C	0	0	0	0	1	0	0
ZCCHC2	0	0	0	0	1	0	0
ZDHHC19	0	0	1	0	0	0	0
ZDHHC2	0	0	0	1	0	0	0
ZDHHC21	0	0	0	1	0	0	0
ZFAND5	0	0	0	0	0	1	0
ZFAND6	0	0	0	1	0	0	0
ZFC3H1	0	0	0	0	1	0	0
ZFHX3	0	0	0	0	1	0	0
ZFPM2	0	0	0	0	0	1	0
ZHX3	0	0	0	1	0	0	0
ZKSCAN2	0	0	0	1	0	0	0
ZMAT4	0	0	0	1	0	0	0
ZNF133	0	0	0	0	0	1	0
ZNF148	0	0	0	1	0	0	0
ZNF177	0	0	0	1	0	0	0
ZNF214	0	0	0	0	1	0	0
ZNF267	0	1	0	0	0	0	0
ZNF346	0	0	0	1	0	0	0
ZNF462	0	0	0	1	0	0	0
ZNF518B	0	0	0	1	0	1	0
ZNF521	0	0	0	0	0	1	0
ZNF557	0	0	0	1	0	0	0
ZNF608	0	0	0	1	0	0	0
ZNF630	0	0	0	1	0	0	0
ZNF767P	1	0	0	0	0	0	0
ZNF792	0	0	0	0	1	0	0
ZNF860	0	0	0	1	0	0	0
ZP4	0	0	0	1	1	0	0
ZPBP	0	0	1	0	0	0	0
ZPLD1	0	0	0	0	0	1	0
